7.69266	-5.9869
-7.0257	2.41381
-4.27959	-8.97444
3.43286	-1.76459
0.474879	-2.81684
-2.22066	6.8669
-1.10477	0.413755
-7.59818	2.61897
1.6264	-0.751124
-0.00525555	1.07925
-8.01857	3.70197
0.662927	-0.915757
-2.65573	-4.44498
-4.63791	-4.6947
-7.84643	-23.2013
-24.5684	-10.9541
-7.99677	-9.96618
-13.4585	-4.88175
-5.98915	-10.9822
-15.9045	-1.17448
-2.86259	-5.65019
-4.84283	-10.8304
-18.5903	-0.0200762
-1.02723	-5.98776
-4.74623	0.690001
3.57318	-6.03225
-5.09584	-3.97866
-3.44737	4.7749
1.50876	-3.68931
-8.43886	-11.2463
-11.2002	-9.15493
-9.04736	8.80453
9.5728	-9.88221
-7.64063	-18.7478
-16.6752	-15.2717
-18.4211	-20.6065
-21.615	15.2345
8.5715	-9.73622
-20.844	-11.2174
-7.33911	-0.38465
-3.23793	-8.92545
-7.43879	-4.68354
-7.41032	-8.11582
-2.37229	-5.80139
-0.503961	-1.52415
-0.018757	-27.1815
-29.9489	-9.21623
-12.6	-13.6111
-7.72315	-10.2672
-5.34391	-10.0387
-9.70651	-9.17057
-11.6574	3.13315
10.4162	-0.803678
-4.06273	-9.08497
-2.5294	-13.0804
-5.4631	-21.4334
-21.2127	-10.0398
-9.27134	-1.65029
0.133373	-16.8629
-11.4054	-9.97463
1.06212	-0.861921
-6.06655	-17.1798
-18.0763	-7.01536
-14.2146	-0.112837
-3.53406	-9.93175
-10.229	-4.95883
-5.27993	-10.0426
-1.7411	-0.907503
-0.0147439	4.5798
9.47215	6.56557
-0.202883	1.1182
5.81996	1.42524
2.39367	10.3514
3.11838	-3.08119
-4.55598	-13.2272
-8.1858	3.11841
0.877563	-13.9791
-11.7376	-19.0416
-18.7623	2.74731
-1.21044	0.746637
1.74061	-34.4356
-35.2365	-17.1498
-23.6452	-11.4386
-18.8784	-4.43744
-17.642	3.70136
4.97137	-2.48973
-1.26939	-16.3282
-18.3451	0.251962
1.21795	-16.1339
-14.7675	1.04985
1.55646	-7.07124
-8.89241	-3.18065
-2.68583	-2.15922
1.42011	-5.62754
-14.9922	-9.4231
-14.6526	1.84722
-2.1501	-9.77947
-12.2705	-0.52328
-1.75562	-11.9667
-13.1296	-8.06352
-10.2941	0.393947
-4.05097	-11.1758
4.58066	-2.15588
-14.3654	-5.70156
-10.7772	-6.86711
2.63456	-1.19978
-2.7527	-6.79628
-10.1504	-5.06118
-5.44409	-4.06488
-3.24053	-3.05567
-5.45886	-10.2946
-12.6934	7.10014
6.47829	-15.4011
-12.7925	-6.84764
-6.08147	-13.128
-15.1318	-16.7513
-4.74142	-14.3113
-15.8153	8.77445
2.18306	-16.5152
-19.4301	-4.49085
-2.86632	-1.20148
0.103147	5.07355
3.94376	-14.725
-8.61325	-0.0724509
-3.90732	-12.5294
-7.74818	-8.92054
-10.9577	-9.53644
-9.83645	1.15378
2.62318	-10.9201
-8.50674	-10.0362
-12.2083	-27.4107
-25.6866	-1.47581
-0.32467	-4.0186
-6.73963	6.7301
5.49622	-12.6031
-14.825	-6.51575
-4.13709	-5.80697
-5.99788	-0.331129
0.877163	0.0807749
3.30321	-1.88356
-3.32684	-3.83911
-1.38784	-3.59758
-2.66833	-8.99478
-7.7057	-13.9653
-15.0617	-20.7206
-20.9333	-8.03011
1.37719	-11.8517
-16.438	-21.5397
-15.1935	-7.63052
-4.59337	8.37479
-0.283355	-14.5602
-6.11615	-1.76997
-1.79153	-2.58734
1.6435	-7.19296
-5.79973	0.150724
-1.95052	-6.53351
-8.57223	5.29275
4.52256	-5.47749
-4.86831	-8.76006
-8.71809	-12.3592
-1.71289	-11.9581
-6.50473	-9.61108
-11.0936	-9.87245
-9.83989	-3.33636
6.2764	-2.30525
-3.95537	7.81204
8.39664	0.09721
-1.48264	-1.48734
1.4958	2.52871
2.28955	-6.52494
0.0416515	-8.0997
-4.73267	-0.254217
-4.19775	-4.52395
3.00648	-1.11113
-3.79818	9.41288
1.88914	0.926821
-3.70598	-7.20644
-10.6736	3.60028
0.733833	-1.29934
2.47401	-0.238293
8.67469	7.80666
-4.86724	-5.72109
-4.32844	-6.80075
-6.52789	1.35076
6.65093	-2.45187
-0.842147	-16.1995
-10.2079	-14.9901
-14.7838	-5.69867
-9.79942	-9.65349
-2.07151	-11.4352
-6.17066	-7.69478
-11.293	7.24519
2.68339	-16.8176
-13.7181	-6.22526
-7.12783	3.31859
4.21744	-3.64691
-6.30084	-2.42154
-1.03642	-5.4291
-6.78542	-17.5644
-19.5198	-14.842
-12.8876	-10.5697
-6.41118	-11.1001
-22.5794	-5.812
-11.3868	-0.801875
2.44267	3.42941
-6.00477	-6.72363
-0.441952	-20.2395
-24.1106	-8.13672
-7.83557	-6.13694
-5.2397	-1.45907
-0.774295	2.44468
3.11038	-2.17151
-3.12509	1.01336
-1.43262	-9.99005
-8.17638	-10.7334
-10.4716	-8.2265
-9.3153	1.61874
1.67388	-7.39939
-10.3171	-8.56912
-12.2623	-3.24543
-0.190471	-4.58118
-10.1874	-17.8068
-17.7736	2.27148
6.90051	-12.1952
-12.4093	-2.11252
-6.99751	-10.6856
-7.95861	-1.06067
-0.421365	-9.15245
-13.7794	3.89117
1.17533	-9.4785
-6.99152	-11.061
-11.689	-18.8695
-18.0615	-1.3346
2.91031	-22.2547
-22.2441	-8.15152
-12.6274	-27.8176
-32.6742	4.8971
1.48251	-8.20717
-8.43432	-6.24111
-12.4603	-4.0404
-3.92278	1.95233
-13.8707	-11.0557
-12.5813	5.40393
4.83701	-16.1029
-15.1532	0.93797
2.44432	-3.32374
-4.97386	-15.5285
-10.9155	-10.9375
-10.1045	9.24114
9.09371	-17.4062
-18.1415	-6.31904
-6.16777	-8.20306
-8.51923	-22.3264
-20.2946	-2.39709
-0.237213	-16.7469
-2.89233	-6.74108
-14.2366	-1.442
-7.46261	-13.0123
-7.38389	-1.12658
-0.63585	-2.13329
-2.66153	7.28013
5.54835	-0.429616
2.44321	-5.90573
-5.26793	-17.3792
-15.4763	1.64069
0.719697	-13.8521
-13.091	-5.77105
-8.35912	-20.8846
-9.85491	-3.07438
5.67416	3.39323
-4.2137	0.700512
-6.19037	-0.898378
-9.92292	-0.409461
7.82783	-13.0946
-11.7473	-6.64293
-0.832168	-4.43156
-10.0438	-2.27684
-2.02625	-2.84075
-5.97309	-11.2688
-11.8821	-23.1877
-22.1462	-4.71952
-3.7884	-9.08669
-14.0893	-12.1442
-11.9207	2.92853
3.37359	-3.79482
-7.56148	-8.81782
-5.5929	-7.32983
-3.56152	-0.153559
4.82181	-17.1152
-5.27318	-4.52232
-5.41034	-4.76751
-8.22851	6.05211
4.55716	-0.820792
0.202721	-2.65879
0.826467	-5.03404
-5.52751	-4.1995
-0.757031	10.6094
4.59199	-15.8313
-13.7684	-5.67682
-12.8169	-10.5522
-9.46566	-5.75111
-8.5227	-5.70467
-4.79318	1.17218
0.753213	-18.1593
-4.15555	-3.92462
-0.925468	-3.52114
-8.61315	6.03364
9.30793	-4.10387
-6.76854	2.60227
9.01666	2.68449
-7.02477	-32.7372
-31.6006	-2.06319
-3.73851	-9.99499
-6.46674	-7.99085
-9.57507	-6.20671
-8.17466	1.12901
-12.2976	8.70709
10.6169	-7.97926
-11.4987	-9.32294
4.8611	-6.96152
1.32442	-9.81557
-1.61316	-0.966501
10.4906	-1.11984
-1.52208	0.0707595
5.64749	-7.20123
-5.27088	1.98381
2.26807	8.46004
-2.07623	-0.387407
-0.488904	-4.2105
9.78277	3.39842
4.0685	6.28655
5.63863	6.15691
2.93771	-2.46292
-0.748309	3.0961
0.235422	-0.262037
2.94531	-1.23168
1.48367	-1.31108
9.4159	-23.1713
-26.5786	-26.2404
-19.0765	-2.03058
4.55935	-22.2024
-26.0995	-18.1401
-15.5191	3.38844
-0.930965	-0.270089
4.83149	-8.84772
-10.2088	-23.9175
-24.4756	0.583927
0.475311	-7.20744
-6.74942	-8.05894
-7.12259	-0.263969
0.784664	-8.87405
-8.26919	-3.594
-4.28596	-9.46634
-9.1874	-14.9507
-14.9502	-19.5968
-18.3342	-7.19967
-3.275	-10.4137
-14.4266	-17.4666
-20.5009	-14.2713
-6.16302	-12.3274
-13.0009	-7.11824
-7.56788	0.497107
-2.35792	-11.1801
-7.49954	-4.99595
-13.1673	-3.30934
0.409798	-1.35743
-4.74532	-13.0723
-12.4667	-3.0764
-1.92784	-7.80736
-6.61637	-14.9003
-12.7329	-8.19451
-2.2243	-3.53263
-3.50835	-12.4227
-12.7204	-11.2057
-14.7502	-0.0680184
-5.44917	-0.148334
-0.932676	-8.50143
-10.0498	-20.2466
-21.5394	-1.63132
-4.17026	-16.774
-14.0968	-11.9368
-10.4209	-9.56489
-9.09857	-5.56443
-6.95439	4.94191
2.01527	-9.54652
-7.04694	-10.0711
-16.1828	-17.648
-14.9443	-0.86374
-3.60337	-6.13756
-14.7178	-6.88459
-13.104	-2.52069
2.23537	10.8808
12.8511	2.19006
7.05685	-6.57098
14.3945	10.3998
-8.6893	-4.0082
6.78701	-17.518
-14.8101	5.45755
4.47493	-13.9516
-9.53606	0.0595469
-1.78379	-5.46201
-5.58148	-14.995
-13.5552	-24.9924
-22.4846	-6.41147
-8.04422	-11.0699
-9.68541	-10.327
-3.48921	-10.3345
-10.914	-6.26664
-16.4681	-3.71508
-7.12292	-5.28329
-9.1718	-5.22796
-6.37838	11.4699
5.09192	-19.176
-22.3738	-3.39088
4.58306	0.431699
-2.32586	-12.0594
-2.24168	-3.62636
-3.45845	-11.3929
-11.6955	-5.81122
-1.74008	13.1454
12.4308	-26.1097
-29.2111	-8.95656
-6.66786	-8.07423
-11.9142	-13.7545
-14.8328	-12.148
-12.5874	7.5299
12.9036	-10.7509
-4.75525	4.65662
10.2378	-10.424
-10.9915	-4.57263
-2.46238	-4.24929
-3.59096	-7.93238
-9.59892	-0.240785
-2.41907	-6.14337
-5.7866	-8.10313
-9.49966	-7.63074
-2.41946	-10.1296
-17.3546	-26.2139
-23.7784	-5.72645
-0.808273	-6.88864
-5.55033	-4.41585
-6.48149	4.8694
-2.77181	-2.57741
-5.31002	-13.9166
-10.9596	-4.861
-2.00978	4.92215
4.77014	-5.80073
-6.32763	7.86014
6.86596	-3.55032
-5.12376	-10.8628
-9.87092	-8.7751
-10.5159	11.2635
4.62216	-2.69596
-1.52693	-6.89737
-8.03297	-4.71158
-3.36527	1.34633
-4.5907	3.46148
5.74486	4.46413
7.30054	-8.21968
1.07465	-2.85712
2.80778	7.6321
-1.27199	-2.63856
-4.3449	-0.293842
-2.84379	2.88864
-2.96469	2.02513
0.12976	-1.54319
-3.63371	-4.53585
-6.43335	-2.1118
1.59529	-2.8604
1.11711	0.323613
-14.0806	2.13194
-22.2441	-3.93313
-4.88077	3.36166
-2.63657	-12.4042
-2.3061	-7.21558
-5.42553	-2.34866
-2.98005	1.12255
-2.32754	-2.46515
-5.18511	-8.87117
-9.88809	-19.0513
-18.5794	-17.9824
-14.3357	-18.3584
-18.9615	-0.232753
-6.55081	-18.1576
-21.3269	-5.37146
1.5333	-4.66506
3.72315	-10.6797
-18.0837	-3.84384
5.13184	-5.80245
-8.46207	-10.9178
-10.228	-3.56778
2.87571	-10.4158
2.77656	-6.48689
-4.80046	-5.39049
-4.5401	-9.2101
-8.86474	-20.9066
-24.2081	-1.1586
-7.7356	-23.181
-21.8779	2.73139
-0.434479	-13.5507
-16.1802	2.52877
1.82234	6.53189
7.15936	-21.0601
-23.9287	-6.93294
-0.323484	-3.36966
-10.1066	-12.8512
0.65971	-2.51572
6.69481	-5.73876
-8.6301	-7.91924
-10.1186	-10.2375
-9.47152	-13.6773
-13.873	-4.92413
-4.54265	3.83144
1.92572	-25.6644
-22.4328	-31.1058
-31.1001	-13.023
-19.5119	-6.23049
-8.70923	1.63828
9.43581	-14.7303
-8.5403	-19.3895
-22.0305	-1.03617
-13.7997	-13.3687
-9.04461	-4.6796
-0.879361	-3.2821
-5.14289	-2.79364
-9.46168	-10.7249
-5.40544	-7.21251
-9.88651	-18.9365
-19.3316	-12.1313
-5.72079	-18.8481
-20.7727	-7.30143
-2.16896	-13.4456
-4.77074	3.95587
0.642192	-4.50613
-11.522	4.95811
16.4418	-15.395
-11.0803	-6.12138
-5.37956	-7.44666
-7.28509	-6.06022
-3.0754	-3.51234
-6.3201	-0.283231
0.395703	-2.66412
-2.49739	-16.1496
-14.8012	-13.3712
-14.2774	4.51437
5.63251	-30.8757
-27.8266	-23.4611
-25.3047	8.62148
-2.64642	-8.07652
2.00246	12.9463
4.56343	0.215328
3.06441	4.01796
-8.16425	-7.50005
-1.40972	-14.7526
-16.9774	4.90786
-0.361588	-3.6962
-4.32679	0.554847
0.0614586	-0.7467
0.355326	-15.8057
-16.2354	-13.0967
-9.37333	-3.13596
-1.3969	-29.6778
-27.6132	-19.1292
-17.9315	-9.28558
-9.3407	-13.5805
-15.735	-8.00103
-0.635758	7.41206
5.08943	-3.9961
-4.80249	-7.82818
-13.5499	4.78328
3.65162	-6.04529
1.23403	-5.9306
-9.06971	3.68877
2.36284	-3.86999
-4.88144	-11.1079
-11.8361	-8.0145
-11.7579	6.70688
7.71289	-16.291
-18.7245	-15.329
-16.8995	-3.04862
-0.0126839	-23.8874
-23.2576	3.77583
1.56425	-0.702748
7.0518	-13.2733
-6.33769	-3.08365
-8.3179	-1.34826
-11.8002	-9.80977
0.828725	-5.64677
-0.575655	-5.37449
-3.0778	-5.08124
-3.22581	-12.7998
-13.535	-17.4049
-12.7902	2.17412
0.648498	-23.5116
-19.2969	-18.0504
-17.0995	-4.69028
-3.07581	-0.701459
-6.67674	-5.01062
0.201161	-11.4574
-6.62642	0.373744
5.61779	-18.122
-14.7373	0.22503
1.58768	-3.81291
-1.19964	-5.6859
-7.71165	0.132194
0.730938	-3.2919
-4.01114	-15.1298
-12.5348	-15.6597
-7.26928	16.815
16.7195	-20.6976
-24.1764	-19.6736
-10.8037	-13.8483
-10.1914	-15.5782
-11.7575	-2.32955
-4.50456	-5.62451
-3.52157	1.18463
-11.922	-2.71983
-7.52754	0.724807
-1.44257	-6.0481
5.5303	-5.19015
-5.68479	-2.19208
-1.40037	-4.24986
-10.4496	-14.7727
-15.0504	-21.1302
-19.3861	0.401768
2.49913	-17.1771
-17.5943	-10.7662
-9.50541	4.09172
-1.65597	-12.9591
-18.003	-2.07668
0.331421	-13.4796
-8.71513	-8.66368
-8.04058	0.95995
2.59934	-12.07
-5.78578	-5.21102
-1.44813	-5.65526
-5.0984	-10.4415
-2.16321	1.19556
0.898914	-6.31285
-11.5193	-23.6645
-24.439	-0.624227
-2.91598	-18.1999
-17.6101	-9.12718
-12.4125	0.400489
-3.91731	5.61188
6.81932	1.39167
1.76302	-12.5941
-18.608	-0.552563
-2.42279	-6.07619
-2.39267	-11.0934
-12.8363	-5.13118
-4.04519	-12.0581
-11.3817	-3.59681
1.07642	-1.01974
0.0335185	-7.5303
-6.27579	-4.25606
-4.54283	5.40061
7.3551	-13.5758
-8.7179	-13.3011
-13.2757	-10.0697
-10.202	-13.6461
-9.66321	2.14368
-3.07642	3.69783
-1.86884	-5.8351
-3.19225	3.25294
-3.52271	-12.0557
-7.81005	4.84105
11.0921	-6.77406
-10.9465	10.5285
14.6521	-0.641869
-8.06406	-10.1925
-14.5654	-3.79505
-1.50498	7.97199
9.57048	-30.9918
-25.4261	-16.2967
-15.6031	6.47188
-7.27965	-9.31747
-4.00263	-1.23792
-7.25401	1.56496
2.46334	-2.26744
5.62937	-5.43693
-0.908112	-8.37543
-4.41305	-4.56722
-8.89753	3.21069
-8.74349	1.95027
0.768976	3.9297
1.21592	-3.66064
-4.05494	-10.8903
-7.23807	-5.36314
-8.48554	-12.8769
-9.83046	-4.88937
-4.68185	-12.4215
-12.7494	6.47066
9.10937	-17.5656
-15.2038	-6.67629
-7.2235	-11.3683
-8.74099	-1.88782
-0.21605	0.605108
-2.48374	-12.4227
-10.2739	-8.06087
-11.2483	-1.96872
-1.44525	1.14419
-3.41019	-21.1332
-21.3887	-19.8931
-16.3322	3.94485
0.876288	-4.61318
-7.96788	-5.99578
-1.94883	-3.58501
-7.03001	5.05465
3.87387	7.51411
8.2892	-3.66316
0.9843	-3.3205
-3.42653	-6.98718
-2.70171	8.35837
-5.68416	-11.9243
-17.3727	-8.01413
-5.02961	-7.75973
-16.0412	-23.3532
-17.5353	-0.670649
5.56835	12.51
-0.219908	-11.742
-9.16648	7.32848
2.25846	-9.45662
-8.09058	2.2358
-13.2683	-1.44857
-12.4021	-6.06348
-4.57838	-2.18625
-0.832847	-36.2883
-34.6264	-10.6435
-11.369	-11.1922
-8.61189	-6.87343
-2.26751	-5.01635
-17.275	-13.0818
-14.8629	1.24489
3.56591	-6.37367
-7.07587	-8.07231
-11.1862	7.80722
6.17949	-7.80316
-7.09117	-1.53953
-7.18912	-5.01661
-11.0607	-7.82366
-2.62339	2.30749
0.747779	0.364098
-7.12907	-16.5437
-18.0174	-16.7086
-11.0041	-4.18995
0.545517	-23.4382
-27.3123	-12.2809
-14.0218	-13.3804
-9.84571	-13.9484
-11.4759	-12.32
-5.4371	1.35249
2.45365	-18.6715
-15.2462	-11.7421
-6.34871	-20.7187
-21.6878	-9.24932
-8.00567	-7.54345
-7.07697	-5.95625
-2.25782	-2.55856
-3.06428	-4.84384
-5.94229	-7.43439
-7.60634	6.94529
5.06368	-7.91304
-6.60152	-1.40557
-9.52305	-10.4093
-8.76115	-4.3429
-8.14285	-2.93365
2.23568	2.48187
-10.9178	-13.2542
0.746154	-6.69822
-4.22551	-4.38474
-4.99316	-10.7927
-6.09157	-0.561502
-0.293641	-5.45071
-4.48107	-3.59369
-0.344587	-8.02805
-8.78707	-18.8353
-18.9929	-3.969
-2.42575	-19.9947
-19.1917	-9.71272
-9.81608	-24.9588
-24.0752	0.429435
2.54165	13.209
7.53723	-20.1842
-25.7527	-3.0085
0.528937	-3.87107
-4.22233	-5.56861
-6.72807	5.01767
5.0884	-5.41649
-6.20988	3.00996
1.71779	-7.6441
-5.41853	-11.2895
-10.0677	-15.0895
-17.9015	-4.66017
-6.79556	-11.2729
-12.2472	-13.6153
-12.2975	-20.3127
-20.6324	7.3452
5.52163	-6.28226
-15.9171	-12.5751
-8.54653	-8.47375
1.74345	0.0694167
3.50657	-5.00832
-9.77515	-0.347827
4.05449	3.57753
-6.69956	2.50528
-0.578485	0.198517
-3.41228	-22.6859
-22.5826	-20.2859
-15.8348	-4.30383
3.85556	-8.15729
-11.5702	-7.82175
-6.76853	-14.6284
-14.7672	-2.68002
-5.87665	11.4113
12.2104	-11.5777
-3.32349	-8.94776
-13.4014	-0.151975
-7.71308	-1.42102
-4.02095	-8.78819
-13.4246	-9.04789
-9.01375	-2.31145
1.99766	-1.19107
0.351447	-14.9132
-26.4301	-14.5774
-15.7663	-8.45653
-12.8568	-13.7675
-17.247	-4.5445
-5.11025	-10.2074
-4.33952	-11.3078
1.69701	2.7533
1.00592	5.76864
7.05206	-7.42899
-1.7321	-1.15287
6.49642	-7.87824
-8.58904	-12.8986
-9.11757	1.49195
2.95772	-1.8711
-1.52165	-0.022973
0.878801	-7.11246
-8.82847	-19.5536
-19.2062	-19.1226
-17.0977	-7.508
-6.35566	0.764093
-0.32809	-17.7128
-17.7613	0.936352
1.5426	-8.11689
-6.13625	-9.58132
-16.9497	2.49046
3.82917	-11.9522
-12.8439	-4.26471
-3.70097	-3.22778
-2.21564	4.58227
2.9946	-0.125541
-0.713148	4.28501
5.3797	-10.1229
-12.0077	-6.63657
-7.85579	-0.412784
-1.90221	-22.8291
-20.1502	-22.8098
-21.6524	-7.27194
-12.638	4.85668
2.91395	7.9414
12.459	-21.0779
-19.3722	-18.8457
-20.4142	3.38839
-3.69939	2.7106
-2.12607	5.41208
9.27367	-2.05468
-0.481518	-6.23114
-6.45729	-2.33917
-5.46946	-17.3212
-20.507	-20.4357
-20.7624	-4.02779
-5.56934	-8.40036
-7.27409	-5.21458
-6.14392	-0.768876
-0.0988454	-2.25274
-0.147512	3.7359
-2.80489	-5.50836
0.809117	5.94395
6.3826	2.39278
-0.470956	-6.14102
-4.69742	1.98483
5.92696	6.6314
1.99758	8.70972
-11.3457	7.50598
4.99848	4.54997
2.39958	-0.701497
-0.856561	8.81994
0.778631	-2.1899
-2.00415	-23.1977
-23.5129	-6.8746
-9.32124	0.136316
-0.267607	-15.6061
-18.8133	-1.04765
-9.07245	-4.00958
-11.0363	-12.8142
-13.9723	-4.8312
-0.392672	2.72725
-13.4754	2.50262
3.81607	-17.052
-10.9279	-7.99778
-8.49671	-3.12337
-4.04064	0.085997
-0.284168	-4.1362
-3.71107	-3.34269
-1.66525	-11.1122
-13.5299	-0.172142
-0.327663	-5.24719
-1.38071	-17.2605
-10.2428	-11.2137
-9.6609	-5.91174
-6.25677	0.57097
3.7114	-13.5732
-15.3197	-18.4165
-16.3539	0.880722
-5.94898	-0.260741
5.79192	-9.50303
-8.31258	-3.64831
-0.364966	-4.88203
-9.34382	-1.21415
2.22617	-3.74914
-6.37983	-15.721
-16.9294	1.29959
3.39807	-4.43238
-5.37293	-25.1779
-21.8007	-10.6988
-6.97933	-8.56663
-8.14581	-11.3386
-6.16625	-4.52265
-3.03614	-7.90376
0.519168	-11.8951
-0.0100174	-8.82492
-5.8273	-6.16052
-10.5751	-3.6736
-4.64136	-3.12949
-1.99935	-0.421947
-2.00104	-2.85139
-4.96012	-14.3391
-16.5604	-15.0874
-18.4825	-7.32562
-8.50826	-14.5305
-12.873	-13.2823
-14.9452	-4.04254
-4.78589	3.26439
2.91946	-19.9365
-13.5639	-4.09352
-17.4397	-3.32941
-3.8456	-13.0741
-9.8784	-19.2731
-12.8787	-7.8945
-13.7931	-1.92859
-4.13578	-6.36651
-5.28586	-9.14063
-7.99174	-12.8186
-15.4067	-3.33345
-12.0706	-8.07256
-4.86313	-7.73892
-1.85978	-2.31422
-1.20305	-0.401894
-8.3192	-0.68078
-3.21412	-0.911251
1.24232	-20.522
-19.3938	1.33854
-5.39272	-12.2063
-7.4861	-1.40167
2.14156	-4.79802
-3.07305	-8.75954
-10.8406	6.15099
2.75904	-5.12978
-9.66202	-9.59653
-6.97589	-19.005
-20.923	-8.32541
-10.4407	-8.37059
-7.80729	-3.63909
-6.40625	-17.7072
-11.7968	6.24192
4.83686	-17.0329
-16.9782	-10.8706
-6.94564	-1.76346
-3.35522	-15.1972
-12.7829	1.33398
-11.6779	-3.00856
-4.46151	-9.39985
-1.91546	-2.17972
-5.89253	-2.92647
-5.64676	-22.5517
-17.6885	-6.26207
-6.50724	-1.92371
-0.440081	-13.4055
-19.4677	-15.3975
-15.7432	-15.2725
-19.4416	4.4962
7.24313	0.172437
-3.44209	-19.7257
-21.7677	2.21543
0.138446	-10.5618
-10.7934	-0.379417
0.573132	1.20823
-0.648001	1.93485
1.15127	-6.66448
-8.42934	-3.84657
-4.09186	-7.90849
-8.80487	-7.79254
-6.69316	0.954716
-0.142533	-21.7598
-24.7469	-7.22722
-10.2443	-11.5522
-7.17887	-9.79984
-11.0243	11.2369
10.0518	-12.5955
-12.2913	-0.556318
1.98135	-1.31751
-1.01599	-17.3086
-14.9695	2.36154
5.15986	2.86623
-2.89332	-1.61174
-4.82855	-0.684533
-1.3022	-13.2776
-14.8613	-24.558
-23.5578	-9.35407
-5.8367	-13.7142
-20.7534	-9.2692
-10.7079	11.4361
5.92574	-4.08989
-10.2522	-9.47278
-3.77514	-11.9213
-8.86564	-17.4373
-14.2638	-8.08164
-9.07851	-2.47016
-6.47105	8.19991
3.1065	4.28829
1.66365	-4.91887
-1.34748	-0.034872
-8.79333	-10.4878
-9.99078	-10.3547
-10.7456	-2.93177
-1.81733	-7.94275
-3.6569	-2.01555
-2.66059	-4.26636
0.243609	-7.7672
-3.86376	7.61742
0.171795	-13.6223
-7.84026	5.45633
5.84692	-9.25315
-7.49839	-15.2376
-15.6956	-23.2777
-23.4763	-9.69978
-9.8559	-8.19938
-11.0931	-7.46843
-6.76969	-16.3182
-13.7028	10.558
-7.53881	-3.63788
-11.5495	-12.0821
-16.6105	1.58733
-0.305089	-16.184
-10.2231	-17.7555
-20.9375	-5.47136
-9.34097	-12.1229
-11.3908	4.79714
-1.0266	-1.59928
-6.28388	-16.5419
-17.6669	-3.27993
-4.46865	3.22611
0.0614588	1.88075
6.10347	-5.85559
-10.3337	4.99117
-12.9099	-0.330459
5.65495	-5.64693
-1.70483	-8.35943
-8.45931	-1.87039
-8.81207	-7.78737
-3.14492	-8.38383
-14.7313	2.5304
0.765085	-3.54995
-3.28468	2.58844
-1.97195	-7.11544
-6.22925	-9.06609
-9.04212	-7.58422
-7.20538	4.30292
5.54188	-16.056
-17.1008	-9.97068
-9.15658	-18.1611
-18.6363	-17.9212
-19.5881	6.40073
3.44598	-1.02587
-12.2416	-0.140824
3.87886	-9.25053
-10.2952	-3.99693
-5.29459	-5.06179
0.512658	-11.5463
-11.942	2.68853
1.96342	-3.24809
-4.95016	-15.6191
-15.1148	-20.3935
-20.8299	-20.9799
-21.3354	-11.223
-12.0417	-3.93783
-2.93884	-14.7554
-15.4281	-12.6057
-14.1981	1.95059
-1.44536	-1.68151
-12.829	-6.33293
-0.0843574	-6.14156
-3.77834	-18.2709
-14.122	-9.66139
-6.03866	-7.98052
-6.28516	1.23871
-3.04761	-6.55029
-8.1422	-12.4774
-14.9326	-24.8501
-25.2015	-12.7189
-9.46371	-8.03235
-16.7393	1.54829
-5.80503	-10.3754
-14.5891	-3.98287
1.2678	3.85492
-4.85903	-21.7369
-18.3611	-2.61075
-5.05287	6.02573
2.05394	-14.483
-14.2886	11.2004
8.14642	-7.4294
-7.76636	-5.95839
-0.509521	-2.27414
-5.80897	-5.17519
-2.95772	-7.32746
-5.47726	1.43992
11.0002	-15.5679
-6.51249	-11.4104
-11.7067	-6.5209
-4.33348	-7.84023
-6.64783	-11.4132
-5.64643	-8.71758
-6.87931	5.72661
5.35122	-18.2588
-18.1294	-2.50491
1.43733	-5.42289
-4.59891	-5.91834
-3.60311	2.41631
4.07331	-6.96177
-4.82559	-10.6965
-6.80494	-0.884864
-3.71813	9.33547
9.43577	-19.0961
-15.8346	-8.7935
-8.19669	-8.43113
-9.25696	-12.0376
-11.9079	-10.1444
-10.7193	0.0609234
-5.62565	-0.114739
-5.27941	-7.71225
0.0848891	-8.03412
1.38365	2.81375
-2.40016	-2.57528
-8.03393	-2.99236
1.83539	-2.21415
-3.16532	-11.5087
-12.364	-13.0941
-11.1165	-2.38985
-2.02187	-20.8983
-20.126	-12.2969
-17.1329	5.23198
-1.68132	4.44311
-4.28934	-4.19935
0.29523	-7.52135
-8.16761	0.934007
0.978593	-13.8521
-17.1404	-3.16316
-14.4999	3.40016
2.75379	8.18608
2.38469	8.71978
2.0228	-2.4211
-1.24905	-9.44409
-8.08782	-4.92573
-4.59857	4.23349
-12.1956	-11.3343
-1.82162	-5.73143
-4.52484	-5.25775
5.0281	-3.83083
-5.18391	-1.56604
2.82479	1.12565
-5.08805	5.12687
0.750727	2.47999
-5.8869	-6.2184
-11.5075	-4.37049
-6.97177	-9.75138
-14.725	1.44988
-0.569737	-5.9261
-6.58892	-3.06545
-5.72088	-15.3971
-16.0484	-3.04292
-3.7061	-4.56266
-2.80002	-28.565
-27.7123	-14.9824
-13.7063	-8.8618
-9.58187	-5.97271
-9.05682	-8.02381
-2.98246	8.28286
-0.731961	0.884287
4.44413	-2.40648
-5.49559	-0.733459
3.18942	-14.4634
-9.5294	-7.2949
0.716533	-9.98685
-2.76092	-3.81124
-4.07304	-18.9082
-18.3976	-4.69511
-5.93424	-4.41219
-1.8896	-31.2041
-30.0633	-9.74953
-11.8403	-5.99311
-2.93189	-24.1216
-20.64	-2.51992
-3.95241	-14.3474
-18.8958	-13.0341
-8.25209	-16.7741
-15.6492	-17.2386
-15.8121	3.93696
-0.145816	-7.33499
-3.24471	-7.71421
3.06033	-4.67517
1.12514	-14.9397
-12.1192	-23.472
-24.4802	-3.88092
-6.48511	-15.1971
-13.9142	-14.4375
-11.52	-2.58699
-12.4036	-2.58061
1.94266	11.7828
8.86447	-10.108
-16.3714	3.64175
10.0467	-8.82044
-2.53966	-8.51944
-6.35441	0.711802
3.26413	3.34055
-10.5138	3.2203
-1.18863	-2.53206
-5.27995	-30.8691
-28.822	-16.2056
-12.6859	4.72601
0.866331	-15.4183
-12.0381	-6.48571
-12.1679	-8.62718
-8.64556	-9.92834
-10.5121	-6.70027
-13.9501	2.47922
-6.18096	10.1905
6.41273	-9.02385
-15.4758	-2.48189
-7.0418	4.11804
4.23067	-8.75576
-8.54429	1.77117
0.99502	-9.75085
-10.6271	-14.0972
-12.9179	-16.742
-16.3197	-15.7012
-13.5247	-0.929976
-3.68775	-22.7011
-21.0559	-13.9269
-18.5545	-6.88084
-5.02443	-7.81689
-8.81551	-3.17576
-4.40308	-5.5619
-5.61914	-13.4035
-8.37543	-5.40612
-5.47432	-6.48356
-4.72207	-6.89161
-8.30167	-4.07827
-7.26737	-6.0938
-3.97905	-6.43728
-6.80733	-10.3263
-9.02182	0.30329
3.95559	-10.4008
-12.7327	-14.5707
-15.7391	-6.69119
-12.2561	-12.5808
-0.202718	-8.83344
-13.8916	-4.80842
-3.88652	-4.14694
-3.9215	-9.13033
-12.3233	-6.89929
-4.64072	1.58581
-0.255301	-9.08535
-6.88982	-2.10711
-0.689883	-1.75034
-6.17777	-22.9283
-25.8091	-9.2867
-8.55588	-8.98403
-3.74903	0.646497
-12.2654	-5.61631
-9.37853	-4.97419
-1.42405	4.60496
-5.2954	1.85975
0.0763229	-6.58824
5.16046	1.67808
1.04962	-9.52144
-14.3814	-2.84513
-14.011	-3.01967
-0.614565	-8.23047
-7.41085	-2.43715
-0.766374	-5.39266
-4.63716	-11.6603
-9.62085	-9.50276
-7.07484	-9.60211
-6.43531	-5.09722
-12.6201	-3.00778
-0.722283	-16.2892
1.17797	-1.4831
-0.711941	2.3483
-7.83302	-13.0408
-5.83983	-2.2755
-3.38137	-4.15294
-3.20237	-6.8657
-5.98059	7.41091
9.82914	3.89287
-3.92485	4.00373
9.65828	2.69646
-3.06919	-10.9473
-9.60637	-16.8197
-18.1117	-2.10847
-4.05613	-17.5351
-15.7465	-11.8345
-1.43559	-18.6947
-10.9412	-16.4544
-19.0251	4.90055
6.9253	5.77893
4.50669	-0.355209
1.04778	-7.37026
-11.0251	-22.2849
-16.4624	5.18691
8.94329	-0.799724
-5.40353	3.58586
2.82145	-3.08612
-6.34504	-8.47628
-8.58497	-16.9074
-15.9289	-22.2427
-20.8342	-9.681
-7.65501	-6.59006
-10.8757	-16.1803
-13.8218	10.9098
5.3704	-1.30757
-0.216409	-11.5407
-6.82983	9.49966
9.87796	-19.5405
-16.51	-5.74525
-1.52052	-1.76374
-5.60896	-9.81021
-9.88856	9.56499
7.64863	-3.28831
-4.20458	-14.1496
-13.5037	-0.358538
0.462601	11.8514
8.00718	-15.1103
-8.65837	0.0228306
2.59256	-9.89055
-2.9863	-4.06625
-7.0957	0.871981
-0.160908	-1.45019
-1.02252	0.0516087
0.179954	4.10393
1.39104	3.81794
4.99176	6.2138
7.24061	0.281139
-0.580507	-5.02803
2.90636	1.98119
1.21596	1.94479
4.3832	8.27186
1.23755	-20.6299
-23.0372	-20.8004
-18.0758	0.616769
-3.42835	3.81341
-5.33388	-4.76203
-6.57695	2.52375
-3.76428	0.34694
-4.45782	1.01372
-0.0555121	-0.659001
-3.63851	6.80714
-4.10852	-1.32912
-3.43432	-0.245792
-7.92726	-11.4792
-7.94536	-5.58782
-4.18229	-0.701937
3.68017	-6.6641
-8.16154	-10.4061
-8.10519	-19.7803
-23.3234	-9.28248
-7.62817	-13.2315
-11.6009	-6.62503
-5.6308	-8.55117
-4.49848	-2.28775
-2.83946	-12.1507
-8.09136	-1.02987
-13.0134	0.28384
-0.37585	-10.5347
-8.02567	-0.76682
-2.60471	-7.48514
3.11586	4.451
6.4948	0.238925
1.33707	-5.20799
-4.50698	-19.9171
-21.7203	-18.3887
-23.3761	-12.4177
-10.0032	-9.469
-15.4824	-13.7277
-12.7813	-2.72517
4.42408	1.67865
-3.64697	-18.9718
-13.5075	-10.4124
-6.77685	-8.72329
-14.8529	-8.43574
-8.59942	-3.19085
-1.84105	-16.0061
-20.2945	-0.268005
-5.46175	-7.10863
-9.808	-3.91141
-4.1566	-8.80235
-9.82061	-3.8438
-3.67739	4.98019
3.52824	-26.1906
-21.4478	-21.5933
-18.094	-5.65456
-5.37479	3.58608
2.54256	-8.38634
-7.44163	-21.5955
-17.4719	-4.95994
-1.34702	-6.06189
-6.39639	-5.60919
-10.3397	-2.5894
-5.29867	-1.34851
-7.00536	1.06995
-2.72941	-2.46245
-8.58777	-24.5208
-23.6988	-14.6887
-10.1723	10.2727
7.42272	-35.9342
-35.9829	-10.9685
-13.5859	-14.3236
-16.056	-9.29057
-1.43897	-6.72325
-6.73284	-9.24491
-6.07981	3.55442
4.55183	-19.7755
-21.4821	-4.88267
-6.13321	9.7731
7.84322	-9.74916
-10.9193	-1.15287
-0.338344	-6.72262
-8.00731	-18.9414
-18.3891	-18.7472
-16.7304	-6.89165
-6.17389	-19.7956
-23.086	-12.965
-10.043	-8.27257
-7.8744	-7.80317
-0.291431	-17.1994
-22.004	-2.28062
4.82238	-10.7476
-11.3145	-6.77437
-11.6721	-15.8302
-7.6624	-19.2856
-19.7459	-5.12273
-7.55743	-6.45453
-6.56008	-8.45043
-8.35359	-18.4101
-17.8173	-18.6754
-18.7301	-7.14619
-6.00148	-14.5362
-9.20369	-13.3767
-4.39746	-8.80385
0.05459	-6.77846
-6.64891	-4.98058
-1.75884	-2.09062
-17.0791	2.32023
-1.63857	-17.33
-15.0421	-0.960804
10.172	-6.1441
-8.1411	1.11869
-3.9453	-8.77868
-4.47283	1.03711
2.44684	-20.0947
-21.8589	-14.8056
-7.17804	-3.62326
-10.0103	-11.7569
-12.9024	-12.4601
-13.8972	-28.9237
-27.3268	-6.065
-4.79422	4.28245
1.76955	-13.1138
-8.49776	-6.57942
-4.16613	-2.22005
-16.517	-2.74472
-10.5937	-6.52548
-10.9829	-8.91592
-6.35331	-3.1483
2.41541	-4.31603
-7.50074	-12.1258
-12.5747	-17.1677
-14.6047	-13.6421
-6.79039	-14.9654
-14.4161	-0.605336
-3.18388	-19.7822
-17.625	-9.36658
-8.09085	-1.20491
-1.74915	-4.29425
0.168604	-7.84822
-9.31833	-2.45372
0.159641	-8.9112
-6.62426	-8.7677
-8.28468	-1.47341
-1.3405	-2.74197
-2.43509	-5.27078
-6.35549	-17.637
-17.7627	-7.87472
-2.43632	10.396
11.1796	-18.9572
-23.3729	-17.7133
-21.4841	-9.60298
-14.4654	2.95348
3.19511	-6.75621
-4.05901	-11.4969
-5.34458	-12.3959
-8.46331	-4.91747
-8.00701	-6.0199
-10.7756	-0.587394
0.989433	-4.86625
-2.71167	2.26489
0.121156	-0.221521
-0.353689	-5.96023
-10.1768	-22.009
-25.7809	-5.50951
-6.92605	-18.6907
-18.8208	-12.0961
-9.49955	-1.41592
-1.4739	2.0743
2.50449	-6.23698
-6.4661	-20.515
-17.9363	4.29198
5.64362	-12.6751
-15.0933	-7.14974
-10.7889	-3.67004
-6.82416	-4.09094
2.63839	-0.558562
0.618449	2.05898
3.12005	-13.0445
-13.7	-12.5967
-8.6907	-5.62703
-5.67457	-9.56206
-15.828	-5.11582
-10.3962	-9.32101
2.53367	8.70611
4.33967	1.5232
-4.92451	0.288018
5.37331	-3.96239
-0.159746	-4.61415
-2.16568	-3.54453
-4.98976	2.57693
-6.11775	-8.34168
-5.04734	-6.47525
1.24283	-4.14336
5.83858	0.804692
-9.5133	-17.0693
-2.06471	1.47379
11.6504	-1.5747
-4.58712	9.90242
-4.39946	3.40753
-0.220727	-2.35152
-2.72805	-4.67865
-10.682	0.722047
-0.68996	-8.29685
-9.22868	-16.6622
-17.2353	-20.314
-17.9027	-13.1009
-4.9627	-15.2418
-14.6237	-21.3555
-21.1662	-20.5085
-16.1471	11.8095
8.06608	-26.7921
-24.9968	-11.2793
-11.7523	-6.89457
-4.58036	-10.1267
-10.6637	-6.6975
-9.0679	4.93675
7.72439	-14.0777
-12.5922	-4.69357
-3.48172	0.50116
1.69924	-14.3569
-16.6955	0.311338
0.953854	4.69387
1.94644	-32.3879
-27.0155	-14.3419
-12.9481	-13.165
-10.732	-9.85976
-11.5688	-0.10268
-0.662318	2.1398
2.30035	-12.7512
-10.6108	-20.036
-19.2937	2.62979
-6.89536	2.30979
6.89991	-18.0285
-21.2476	-5.34948
-5.55051	-10.1814
-8.30004	-10.0292
-5.98107	-23.1179
-12.4878	0.859822
-4.31697	-18.6504
-18.8639	-7.65254
-15.5374	-1.52356
6.39601	13.686
10.6563	-2.28782
-2.67694	-1.83098
-6.9705	1.94179
-10.7499	7.33091
-3.59499	2.02168
1.27341	0.663165
3.24564	-2.4746
-3.65106	1.03575
-2.97361	6.03414
-2.8629	-6.89195
-7.98432	-18.5358
-17.0002	-11.0786
1.24855	-14.3926
-18.8889	-9.7906
-15.6534	-14.8656
-18.0727	-9.69351
-4.76026	0.735854
7.22349	-2.5547
-5.5841	-4.13482
-1.78793	-0.399401
4.6639	-11.1951
-6.25593	-5.33263
1.69003	-14.0326
-10.5027	1.09918
2.06415	0.332017
-6.12734	-30.0568
-32.9214	-8.65102
-7.36659	-0.0516253
3.559	-14.3147
-26.7755	-14.3832
-15.2808	-9.82908
-8.79973	-14.7968
-18.7829	4.19487
5.22955	-5.76564
-9.53378	-9.24919
-3.92209	3.02397
8.02053	-14.6746
-13.9575	-2.85864
-0.248101	-6.64643
-9.78576	-0.869377
-1.67672	-7.29288
-7.53803	-16.1954
-9.4283	-9.03372
-4.25494	0.435962
3.16637	-12.4816
-9.19707	-13.501
-11.3043	-12.7408
-4.13654	-3.21229
-2.32487	-9.1334
3.65826	-5.61837
-2.90898	4.23832
4.00916	-1.18822
0.400879	-14.038
-11.1217	-0.727127
-6.68651	-6.88649
-6.18761	-0.0510701
-2.96237	-1.82707
-6.37011	-31.1838
-32.6509	-8.27239
-7.95099	-6.42552
-8.08254	-2.94391
-12.1987	-19.3496
-25.4183	0.78728
2.50327	-7.65398
-6.70779	-3.88668
-5.08198	-5.508
-2.82127	-5.64664
-6.06421	-0.650587
3.00071	-9.45183
-10.1401	-1.16044
-3.16662	-6.38069
-3.14572	-5.3671
-3.27563	-0.210821
-6.35891	-14.9067
-17.3723	-13.3794
-13.517	1.9853
0.884331	-11.3975
-16.4364	-18.3527
-14.6252	-9.89212
-14.502	-3.6145
0.909237	-1.19722
0.261947	-12.6876
-22.5021	8.4693
5.64033	-5.70134
-7.31943	-2.65031
-2.04608	-5.41805
-1.49408	2.90376
3.39129	4.87633
4.36312	-5.82228
-2.53337	-8.05692
-6.24738	-15.8993
-14.0448	-6.25417
-3.39848	-3.15009
4.38379	-0.749674
-2.91796	-4.04309
0.0966795	-7.33794
-0.693461	-2.55168
-1.78376	-2.27316
4.02352	-9.54347
3.69555	6.97283
-4.04552	-10.7057
-8.21517	-8.3558
-15.9552	-3.75506
-7.32182	-8.96015
-7.66967	-3.24901
-3.20196	-1.86209
-3.70268	-4.8666
-5.41036	-10.8292
-11.6842	1.51392
3.29796	-19.8921
-18.0328	-4.31758
-3.95888	-11.5075
-9.91183	-16.7872
-17.6006	-8.5963
-5.59966	-14.7386
-12.9003	4.90075
-2.36503	-3.37514
-5.88624	-7.69217
-4.83234	-2.49003
-1.64209	-3.51485
-0.499198	2.23795
-5.19165	-5.1584
-0.837523	-8.47987
-11.9196	-20.8869
-24.5089	-17.5656
-15.4276	-10.9816
-10.0533	-8.48565
-10.529	-4.35273
-3.23025	1.3876
1.51948	-15.1334
-16.3623	-22.4778
-16.0519	-5.56394
-4.3772	-2.61185
-12.0397	-5.43019
-13.2872	5.72181
2.4138	-11.0842
-9.17962	-4.91378
-0.152692	-0.897227
-8.01694	-13.1553
-13.9337	-17.0275
-11.8113	1.19691
7.09622	-23.8893
-25.7601	-12.6595
-13.8067	-5.51913
-8.36771	-20.2823
-20.1071	-6.47482
-5.42363	-8.56595
-7.98971	0.829254
4.06767	-5.01501
-0.410015	-5.3403
-6.94433	2.0833
3.86834	-10.7466
-11.7669	0.228521
-2.88513	-7.83511
-3.88182	-17.4297
-15.755	-11.313
-10.9724	8.23089
4.23248	-27.4638
-32.1132	-17.8456
-14.9743	-11.8936
-17.1608	-17.2088
-11.4751	-2.79108
-9.0483	-2.1912
-1.21942	-6.98767
-10.0053	-5.5602
-5.60468	-3.63004
-1.80359	-13.4659
-11.7761	-1.15813
-4.18467	-1.04248
0.414241	-7.67614
-5.19013	-15.361
-14.7755	-22.3061
-21.5396	-9.84388
-10.3468	-16.7776
-18.8181	-9.28681
-7.38774	-29.9627
-31.6775	-8.91056
-15.7576	19.6779
7.08567	-3.14934
0.991246	0.425652
-0.932744	0.944856
-5.07049	-1.88128
-3.85803	-1.15287
-9.55979	-1.6525
-1.06514	2.14373
2.60545	-1.52809
-3.47043	-20.9167
-18.1971	-15.1654
-16.423	-15.2015
-19.6759	-14.661
-13.184	0.254244
-2.09658	-17.3299
-15.9892	-4.05971
-6.482	2.11225
6.57726	-9.13153
-14.5587	-2.65521
-2.88847	-12.0721
-10.8655	-11.1009
-9.03085	-4.51267
-7.94847	-3.20594
-6.16472	-0.379967
-1.39686	0.115822
-3.62321	-15.4007
-12.4534	-2.682
-7.977	-7.85761
-13.9547	-8.78059
-9.29859	-12.0919
-13.3088	-16.9053
-14.2796	5.62238
4.12505	0.302391
2.41499	-14.8849
-17.3421	-17.2008
-14.903	-2.95474
-9.74377	-3.11627
-0.69815	1.45368
-1.22748	-6.74242
-1.40866	-3.00151
-5.44114	-3.71266
-3.58978	-7.7306
-8.47465	-8.66901
-8.6738	4.22957
3.73408	-6.28485
-7.33872	-11.8136
-5.51579	-18.2758
-15.3053	3.50291
4.67376	-14.5786
-14.5952	-15.0283
-14.7392	-8.32485
-4.92339	2.59106
2.13959	0.620251
-1.95029	0.297444
0.503088	-2.71884
-2.5104	1.05129
0.0299968	-4.80147
-3.04124	-10.9657
-20.3514	-17.5149
-14.7846	-2.17584
-4.43991	-19.825
-18.9118	-0.235511
-0.215959	-4.15174
0.379581	-0.209156
4.72051	-4.52792
1.55621	-15.6066
-1.06357	-8.77452
-1.35281	1.14864
-4.12854	6.66449
-2.08852	-1.82452
2.02303	-3.22123
-0.687946	-4.39884
3.58931	2.4698
1.2694	-1.77827
12.1002	8.17693
-7.24181	-5.36834
-6.20844	-10.7921
-5.83202	-7.9262
-5.4159	-2.60187
-2.59724	-14.3249
-15.6013	6.21013
3.69545	-2.35414
-2.84218	-32.3605
-32.1695	-19.1053
-18.9313	-6.75893
-3.44854	-3.34991
-4.62295	-4.0423
-5.70193	-2.50703
0.819717	-6.92831
-2.66014	-17.642
-8.97254	-2.15268
-5.26595	-16.5545
-14.8721	-11.0743
-0.152578	-5.20774
-6.64777	-0.304842
-2.09845	-20.4946
-15.8409	0.516168
-0.812776	-1.93881
-3.96673	-28.8965
-33.461	-20.0005
-16.7907	-7.48096
-7.72951	-10.299
-11.3475	-1.21229
1.62335	-13.9197
-15.0943	-17.1803
-13.9544	-14.6863
-17.5333	-18.7341
-14.0117	-5.17644
-3.83838	-13.5652
-11.0829	-9.49147
-10.526	-7.23938
-8.01268	-8.2353
-7.79836	-9.73128
-8.01242	3.60408
0.936359	-13.5479
-8.61697	-5.04681
-10.3504	0.890518
-1.63084	7.15974
7.00666	-4.70343
-6.4781	-1.27539
-9.53903	-30.7637
-31.4292	4.81331
-2.76464	-5.04321
-9.7511	7.24508
5.22953	5.00836
7.57041	-5.36382
-1.23386	-8.2797
-4.60019	-2.71587
-2.73351	-13.7737
-11.3363	-10.5933
-2.52606	-6.24892
-1.99178	0.0862492
-1.84966	0.332327
-6.06026	-0.767796
5.2021	-1.23123
-3.96239	-0.367069
-2.34056	-4.04842
-7.51178	-4.24077
-0.915146	-2.607
-12.1268	3.0924
1.07202	-11.1501
-15.3987	-1.97238
0.572739	-4.99832
-5.17132	-13.842
-14.7043	-23.7164
-22.946	-15.9134
-16.5021	-1.78101
-1.79058	-7.71183
-7.50732	-19.7051
-19.5119	1.96434
-2.96182	-12.6334
-12.7298	-4.06901
2.2681	-8.39689
-8.20957	-6.72795
-5.03712	-14.493
-16.3078	-1.14248
2.83213	-6.64548
-9.6047	-3.3744
2.12925	-10.2411
-5.79568	-13.664
-11.6164	-16.9024
-17.5497	-10.9667
-7.95123	-19.4458
-19.7439	2.10667
-5.75376	-16.2006
-18.707	-16.8228
-16.7301	-5.55288
-3.19297	-1.1743
5.81135	-1.24308
4.4302	3.44193
2.98274	-20.0117
-20.9063	0.0755815
3.08344	-9.9815
-10.021	1.94341
0.606955	-9.15888
-5.88616	-12.3394
-10.8362	-8.35876
-4.67882	-1.77582
-4.96237	-7.35115
-11.094	-10.7507
-16.6926	-7.12765
-14.9276	4.39875
5.99219	-3.58311
-5.54856	-17.1657
-14.9899	-15.5705
-15.6208	2.7677
-0.823321	-1.80707
-9.3425	3.34029
5.39398	-2.90788
-5.75338	-0.615223
3.66294	-10.442
-5.14425	-6.52571
-6.65354	-9.21055
-10.4213	8.8592
7.14087	-7.82509
-7.50569	-10.7037
-14.4806	-8.48758
-20.4183	-3.93944
-1.90568	10.4133
12.2748	-19.6098
-12.2271	-8.99259
-10.592	3.30773
3.66035	-4.7827
-5.24806	0.16491
0.823713	-7.23818
-5.34069	4.85802
5.44342	-9.54136
-8.39104	-12.8171
-12.4539	-17.4458
-14.2779	-1.40152
0.752571	-13.7012
-9.66832	-14.6218
-15.3623	-4.11489
-9.75099	-10.1815
-14.8996	-6.59074
-6.95495	-19.5301
-21.853	0.567554
2.88881	9.73546
-0.575622	3.69766
4.76698	-3.90601
0.17506	2.39069
9.29046	1.33794
-2.23163	0.146988
-1.1661	-9.98006
-13.1525	-9.54335
-10.6055	6.41909
2.55584	-3.27889
-2.95825	3.12508
-4.31952	1.72926
-5.00555	0.369697
2.25423	-8.88443
-3.19675	3.01407
2.08857	-2.31082
-4.29992	4.16488
7.47233	-4.17691
-3.08225	-4.99226
11.0975	0.595188
10.3916	3.65855
8.37368	0.0329449
6.59188	-0.578863
-0.100993	-0.82805
0.803803	-1.58658
-1.18929	0.583345
1.14071	0.657264
-0.658608	-12.8975
-12.3053	-14.6889
-14.709	-18.242
-15.6443	-5.86422
-10.6102	-15.826
-32.0274	-7.57661
-1.34931	0.9846
-7.80814	-7.16836
-6.63941	-7.64877
-17.4749	-7.38973
0.247156	-15.7857
-18.3872	-4.45265
-4.41648	-13.4222
-12.9111	-4.71529
-5.65113	-15.6747
-15.8436	-15.3525
-12.5749	-18.7282
-16.3279	-4.38126
-9.65683	-3.07475
-4.67525	-12.0422
0.47928	-2.40804
2.37324	5.66202
8.73598	-12.7906
-2.99301	-4.52036
-7.84784	-10.4697
-7.54166	-9.44136
-7.95812	-14.031
-11.7018	-4.89314
-4.93865	-13.3987
-13.3857	0.341527
-0.0934803	-11.6144
-12.7011	-15.4725
-14.6116	-17.4295
-18.583	-13.0269
-13.2775	-6.84304
-7.48202	-16.4716
-15.1245	-21.0848
-22.5052	5.85523
4.83966	-8.77186
-4.90216	-11.8993
-15.4668	-14.7865
-13.8812	-11.6642
-8.78395	-11.3826
-10.1055	-3.49954
-0.65081	-9.6875
-10.1368	-2.79043
-0.924419	-14.6058
-12.7879	-18.9051
-18.671	-10.2649
-9.06561	-1.81429
-1.67754	-32.6299
-33.5197	-20.3267
-25.5938	1.41128
-5.14616	-7.15354
-18.9149	2.50984
-2.75212	-1.70422
-8.85386	10.679
4.75639	5.30796
5.79808	-10.1187
-10.0226	-13.4748
-5.48348	2.61942
7.56927	0.340508
-1.70242	-3.76345
-1.48568	-8.39727
-8.18965	-22.0458
-20.6534	-21.2514
-17.6005	-9.63726
-14.9033	-4.63274
-8.86669	-7.5476
-7.72944	-18.5736
-15.7009	-9.97368
-3.99455	-13.2821
-6.27639	-7.78332
-6.30488	2.64434
-4.7897	-12.0077
-11.9988	3.29928
7.78199	-3.19002
-1.08229	1.08192
-0.870221	-13.8152
-10.8913	-11.2726
-12.3757	-22.0039
-21.5292	-11.7926
-6.30273	-17.0503
-22.2267	-22.6431
-22.4607	-17.8594
-10.6261	-10.0111
-3.10479	-17.8704
-24.4341	0.370712
-3.99769	-5.38049
-4.43502	-28.4443
-20.4473	1.96001
-1.97699	0.439347
2.90497	-14.011
-10.0264	-3.30754
-4.75605	-5.16626
-6.67484	-23.7175
-27.6941	0.0495794
-2.42604	1.08152
7.04461	-8.96021
-10.4919	-15.1516
-17.1389	-17.8801
-20.3652	-7.06601
-11.6793	4.79584
4.23405	6.36393
-5.7025	-1.89159
0.175215	3.68198
-1.74579	-15.3643
-14.4718	-0.526906
-0.50824	0.644509
-1.42148	1.16863
-2.24526	-0.128431
0.368898	-14.5204
-16.7059	3.51507
3.40405	0.780898
-0.613124	-32.1722
-33.8549	-13.6294
-20.5688	-9.91223
-7.43315	-14.5646
-8.69844	-6.96304
-4.32934	-7.06774
-7.30756	4.32249
-0.41093	-13.7684
-11.2211	-22.7979
-24.7213	6.44752
5.92763	-13.888
-15.962	-1.94399
0.282113	-9.17488
-8.54797	-9.54044
-5.96146	-13.9139
-9.9938	5.88556
2.40411	-7.33505
-13.9043	-13.876
-15.5166	-13.1663
-14.558	-5.4121
-4.84602	2.69956
6.42702	6.48828
-15.4368	-14.4374
-11.4915	-5.05244
-5.30974	-6.43432
-9.13551	0.718954
-0.845648	-14.257
-11.005	10.1285
7.17946	-1.61394
2.25947	-7.26064
-9.28756	-3.57288
-4.50555	4.3136
-1.43762	-7.36464
-9.27353	-9.17704
-25.5891	-14.8482
-15.7969	7.04506
6.47657	5.16109
-6.33636	-13.1263
-9.33195	11.3403
13.2032	-19.9849
-13.2721	-0.0233786
-4.16183	-4.74215
-4.38912	-16.6914
-4.33625	-4.46176
-3.85409	-2.45403
-3.37043	-11.9373
-12.1206	-7.71293
-8.77457	-3.82947
-6.67494	-27.9504
-27.517	-20.4702
-20.4372	0.145583
-0.59532	-4.28502
-7.81855	-0.270248
2.15917	2.16651
1.98802	-5.30643
-7.48373	-9.48057
-12.5621	-3.52346
-2.13677	-13.6207
-5.9965	-15.8648
-12.7129	2.80504
3.891	-8.10396
-7.39754	-19.037
-21.9541	3.09591
-0.029804	0.155782
-4.79568	-19.7631
-12.7884	-15.6959
-16.5724	-24.2169
-28.4495	0.131522
-0.143089	5.37002
4.35044	-1.84912
-14.7605	-12.7778
-20.0005	11.1535
9.62751	-13.438
-14.2227	7.51629
8.35445	-3.63593
-0.499043	-0.795512
4.29051	-5.90624
-4.98889	-8.62962
-12.1383	-14.3009
-27.0237	-17.6754
-12.2934	1.87879
-7.30285	-7.5846
-7.75559	-3.40211
-2.61398	-14.8629
-13.4644	-7.83482
-11.3786	-0.719963
-4.03825	-1.16273
1.49961	1.40674
6.31561	-15.4261
-6.6118	-7.72373
-7.3242	-7.98656
-4.56991	-2.33773
-1.47345	-6.10474
-4.07327	-5.47848
-4.2814	-10.4343
-6.60091	0.703162
4.20249	-3.36959
-15.1903	-7.83092
-17.3057	-6.90922
-9.37734	3.19888
-1.37995	-7.70756
-8.2766	-12.1066
-13.7819	-15.8827
-15.7475	-3.81658
-2.59882	-9.98706
-10.5163	-1.94893
-5.38047	-16.1801
-16.7826	3.70246
4.04249	-6.26492
-5.87666	-10.6154
-12.0167	-18.2581
-19.3627	-17.0635
-19.4949	-10.3474
-11.7281	-9.45796
-10.4791	-17.3543
-18.7061	3.74966
5.52332	4.95056
5.75001	-3.23936
-1.21561	-11.633
-9.00944	-3.48883
-4.85785	-7.20962
-3.72394	3.14471
-0.598344	-10.6384
-14.7424	9.13577
3.61968	-4.08905
-2.57413	-24.4398
-29.2368	-3.81278
-8.2528	-7.42856
-13.7726	-0.38289
-7.95304	-11.789
-9.41108	-6.28294
-6.6435	-1.33327
-6.24469	-0.31936
-1.45708	-1.0673
-9.80193	-1.92832
-0.475928	-0.487506
6.55042	4.08931
0.504386	-9.11563
-7.34728	2.59661
-0.714139	0.214749
-1.15401	-2.73206
-4.62663	-22.7207
-22.862	-14.8194
-18.3961	-3.55476
-2.74874	-4.11545
-5.70901	-9.26516
-1.96259	1.94558
-3.169	-2.93178
3.90427	-0.393188
2.43434	-0.552922
-4.57908	1.34535
1.69657	-0.157805
7.75191	5.65625
3.29088	-9.12487
-5.28934	-0.970279
1.61832	-0.551193
3.4185	-7.68708
3.29571	-20.8402
-22.1957	-20.2181
-17.0551	0.759952
1.97929	-8.39587
-6.89458	-0.370594
-3.08726	1.04598
0.192468	1.07757
5.98997	-12.8167
-5.16369	-6.61133
-6.34991	-8.56334
0.404859	-16.077
-9.48547	-9.61992
-6.30824	9.307
15.259	-5.76114
-5.76273	-1.22368
-3.8224	-2.44117
-1.88955	-9.94877
-12.3034	-18.7793
-15.8151	-13.4764
-7.68683	-14.0171
-16.6211	-13.1849
-14.9491	0.713567
-2.48248	4.51526
4.82397	0.564476
2.89502	-12.6644
-13.8889	-3.83408
-0.431744	-4.76498
-0.0766545	-17.2479
-18.2565	-7.13348
-7.47808	-4.34819
-5.15237	-4.60079
0.660307	10.6582
-5.60506	-21.2095
-19.3765	-17.5924
-18.7833	-3.50362
-2.94113	-10.5855
-9.36382	-0.209813
-10.8471	-2.06077
0.226447	-0.203062
-2.80264	6.8482
8.4974	6.31911
-0.892079	-4.70557
-7.80839	-4.86311
2.78669	4.62133
4.11636	-2.15298
-5.08101	-1.19408
-11.353	0.75026
1.54163	-4.58832
-4.00318	-14.5875
-16.0556	-16.9253
-16.7884	-5.20887
-3.6895	-28.9147
-27.362	-13.4877
-17.7858	-1.65907
-7.44642	3.08114
1.12759	9.30876
6.12037	-13.6166
-15.5802	-5.87881
-5.32157	6.77534
3.55653	-18.2363
-19.1179	2.79285
6.74612	-0.320572
-0.309023	3.96183
5.19325	-6.65599
-0.057982	-15.3822
-17.2001	-17.498
-15.575	-6.29018
-3.00493	-24.9959
-29.3691	-13.2221
-17.8339	-9.35611
-8.09906	2.43644
12.2235	-2.54991
2.99872	-11.3071
-2.37331	-5.44011
-15.2401	-2.8901
0.636728	-11.3545
-3.40238	-5.88819
-6.5221	1.89528
-1.63785	-0.577115
-1.23174	0.924634
1.88354	-14.1988
-15.9568	-16.4847
-17.421	-3.08886
-0.892153	-26.9233
-29.3844	-15.4599
-17.2533	1.85825
0.249779	-9.78136
-16.3537	6.14463
9.62613	-0.471766
-0.987951	-7.01504
-3.07229	8.54389
12.9657	7.07692
4.5798	7.29011
-2.66712	-1.0363
1.60231	1.22005
-5.07673	0.998253
-3.85765	-17.5963
-19.1407	-16.5999
-16.9809	1.7569
-6.85184	-15.9643
-3.95455	-13.4803
-10.8944	-1.60616
2.90965	1.98334
-7.12583	-10.3146
-4.06483	-2.16834
-4.76574	0.820017
-0.750894	-5.77874
2.59075	-7.67966
-11.2537	0.526743
4.89194	-8.80242
2.38213	9.71006
5.22391	-2.10028
-0.993163	-31.2134
-31.0107	-5.33258
-6.72463	-19.9742
-13.345	-0.811026
-4.31737	-9.26555
-9.97479	-2.76455
-5.62748	1.07037
3.07477	-5.31246
1.46927	-3.40947
5.1209	-1.5534
4.99135	-10.7974
-0.705002	-6.47425
-5.03356	0.278195
4.5433	9.12179
7.84196	-0.632379
8.67948	-1.59323
-3.48125	-23.8321
-22.5227	-18.1174
-17.2455	4.41682
2.95325	-7.29988
-4.64535	-1.32011
-0.301205	-2.64085
-2.01781	-5.75116
2.00021	-0.145466
0.935659	2.9793
3.14422	2.15167
-3.8599	-3.37045
-0.621359	-9.73885
-9.58999	1.28134
-11.6704	-0.269051
-10.6285	-10.8642
-4.0232	-4.90028
-3.79919	1.03888
1.08613	-10.4334
-8.518	-11.1555
-13.8558	-4.63095
-7.60046	3.5601
2.08108	-29.0361
-26.6706	-20.1399
-24.931	2.06373
-6.11965	-2.07097
-2.15841	-4.89363
3.57506	-13.0597
-10.5904	-8.9624
-15.0576	9.66196
8.39744	-12.0542
-13.1205	1.55853
0.591012	-12.2129
-15.6461	3.98719
2.2173	-1.85074
-2.48257	-14.2028
-14.9858	-24.5132
-24.5717	-11.3256
-12.074	-5.60211
-4.3549	-12.8322
-16.1886	-7.27119
-4.17331	5.16387
5.76083	-17.8891
-16.6699	-10.0934
-14.7	-6.47194
-3.43239	-5.12189
-5.67057	-11.2879
-11.8899	-13.5073
-18.1035	-1.03881
1.07648	-2.3761
-6.49133	-9.65349
-12.3564	-14.5273
-15.3613	-18.9612
-19.2025	-11.3184
-11.0454	-21.1963
-20.3511	-26.645
-27.521	-12.0612
-15.3893	2.23179
5.17492	-13.4162
-9.57799	-15.6717
-11.1063	-6.12044
-1.58519	-19.2909
-7.62949	-13.8006
-8.32251	-10.9214
-12.2111	-3.84523
2.59796	-8.13696
-8.93723	-0.171526
-2.4954	-14.0499
-16.0882	-11.2816
-8.25405	-3.3593
-3.80753	-17.9077
-16.6059	-16.6051
-13.8817	-3.89312
-0.91885	-3.83244
-0.965928	-10.1241
-6.2706	-1.59416
-7.71999	-2.24074
-2.29792	-4.58395
-3.81644	-12.9575
-16.963	-5.38834
-3.84212	-2.16729
0.381543	-6.74123
-8.28116	-1.9392
-0.192802	-14.6671
-15.6526	-16.7927
-17.7584	-5.43461
-6.03234	-23.5691
-26.8823	-11.5339
-8.72335	-4.86256
-11.7979	10.5934
10.7482	-2.0015
3.52238	-13.7189
-12.3038	0.288242
-10.7515	-5.4965
-6.13329	-10.7231
-9.93106	-2.07922
1.27057	-15.0726
-14.5736	-1.03427
-0.897845	-5.01326
-4.62054	-12.1237
-14.1855	-24.1034
-24.1286	-4.45903
-0.280704	-26.8558
-25.2976	-24.7116
-25.2587	4.79762
0.865193	12.7792
7.78458	1.84107
-5.38271	-6.18439
-3.13222	4.29054
-8.96832	-8.86106
-2.69494	-16.3704
-16.2118	1.79106
2.00618	-11.1765
-15.453	2.70185
5.4759	-8.55126
-9.43035	-9.42894
-8.47905	-13.7593
-13.7363	-2.17051
-10.0565	-5.97786
-3.77303	-9.19501
-1.29152	-17.7073
-18.7406	4.67112
6.39517	-15.376
-15.703	-8.5563
-8.56734	-13.5248
-15.0812	2.38421
2.05102	9.67651
8.63513	-5.88858
-3.04849	1.02621
1.21568	4.296
5.68364	-4.74119
-1.84584	-4.19416
-3.39444	-7.83436
-6.44976	-5.56193
-2.53732	-5.42758
-7.54866	-3.24259
-2.19413	-0.258228
-11.3369	-3.31103
3.50771	5.32272
-3.42622	1.40863
5.37883	-2.02647
-8.5327	-9.43986
-6.77647	-6.2415
-1.72496	-6.8901
-1.69028	-0.499849
-0.149457	2.04462
0.146161	-6.45831
-7.23471	-7.11799
-5.72693	-16.9453
-16.7331	-8.29458
-7.35921	3.69511
6.20453	-8.75695
-6.15065	8.48578
8.42668	0.863904
0.182555	-3.98953
-3.49071	0.911722
-5.41954	0.274862
1.83213	-0.604286
4.74119	2.1363
-5.85265	-5.7202
-2.92051	2.74051
2.95334	2.20406
-5.95862	-1.8673
5.82467	-21.7739
-21.4778	-19.5386
-19.2521	-0.360942
-3.57339	-4.7433
-6.62258	-7.43794
-6.50713	0.0915269
0.20192	9.07307
18.8349	7.66141
-4.73632	7.8397
4.60836	1.22009
3.45995	1.81671
-1.78293	0.891959
-10.0832	-8.95069
-4.9567	-6.99397
-11.3399	1.0912
4.99457	-3.39688
-5.08125	-7.79832
-8.24839	-19.9247
-18.4975	-12.5291
-11.7978	-7.54475
-11.6156	-12.1272
-8.7059	-27.0294
-28.2533	3.87658
7.80096	-0.700821
-7.23175	-2.81534
-1.29271	-1.74588
-11.0379	-7.4008
-9.61873	-4.9254
-1.86765	-9.1896
2.35678	-6.29437
-5.15061	3.21419
-2.65977	-7.16815
-6.10429	-7.62757
-11.604	-24.4393
-25.4995	5.47755
10.1017	-13.9797
-21.7836	-14.5539
-16.1689	-16.1615
-5.11537	6.03081
1.79773	-6.92108
-5.91645	-11.6259
-12.6941	-5.33465
-6.25317	-21.0172
-23.175	-5.75195
-5.87136	-4.70421
-3.40363	-13.3378
-8.21937	-3.92472
-2.91111	-0.0613455
-4.20551	-28.0104
-29.6935	-13.8339
-11.0198	-5.88851
-4.75467	-9.04962
-3.60572	-21.7444
-14.5662	-6.13997
2.52327	2.76873
-0.158942	1.35239
7.98878	-5.15053
4.7984	2.91322
-10.4438	-11.6078
-8.57245	-5.56187
-0.558471	-4.5003
0.520123	-5.93316
-8.15408	-5.89813
-0.42444	-3.37847
-7.28248	-10.7227
-10.6449	-20.624
-18.9632	-15.8838
-18.8751	-8.41224
-10.5843	-10.8349
-6.32958	-25.474
-31.1102	4.20603
1.1772	10.0952
1.22517	-8.95453
-0.621207	5.28047
4.99862	-9.28907
-4.84352	-19.128
-10.8575	-1.21606
-0.711317	-3.96643
-6.73084	-3.33578
1.67579	-5.27584
-3.93961	-23.6417
-26.9828	-20.819
-21.4091	-12.8226
-1.71235	-5.81078
-17.487	-8.59577
-13.9933	-14.9472
-10.4048	1.36429
-1.92655	-2.79437
1.32274	-10.0157
-5.33899	-3.00455
-3.81648	-13.0824
-11.2398	-15.6319
-17.3001	6.79746
1.7596	-12.5312
-12.1469	-0.848544
1.74631	-4.15021
-6.77585	-10.1876
-9.49211	-13.217
-11.8973	-8.88952
-10.7832	-14.379
-13.9838	-16.7065
-15.4768	-21.787
-19.9113	4.49535
2.27631	4.35234
11.3936	-7.28827
-4.85087	-18.6519
-19.393	1.328
-1.54908	-10.64
-5.42765	1.91438
-1.01126	3.19947
-4.35546	2.56366
-2.28477	-5.62396
-1.58129	-9.81334
-11.4966	-22.2363
-22.6845	-14.0441
-15.0155	-7.81917
-5.84477	-6.40572
-5.06882	-9.46151
-8.56605	2.51557
6.85334	1.6189
3.13425	-12.1452
-9.94789	-5.49004
-3.32953	-8.13021
-8.48563	-1.17378
-5.98989	-3.61693
-3.33427	-16.7653
-6.6543	-0.632269
0.0655647	-3.43964
-5.16009	-2.86886
-3.7113	-9.11256
-13.6947	-0.514678
-0.174344	-13.7974
-18.241	-18.9482
-21.2167	-11.1541
-4.98713	5.01388
3.56462	-1.4193
-2.6687	-10.0854
-11.2114	5.04826
3.78717	-11.4819
-12.2233	-10.6785
-8.07002	3.22305
-0.143715	-0.219433
-8.46406	-1.06942
2.58384	-6.31796
-2.19929	-22.9764
-22.9114	-13.4234
-11.914	-4.25428
-4.26819	-9.73438
-4.22268	-12.8645
-4.80929	-11.3238
-4.66716	7.62143
4.9199	-5.58639
-3.93568	11.929
-6.66428	6.95747
8.86066	5.47975
4.642	2.56767
-6.40942	0.293122
12.1885	-3.3184
-7.29821	-8.15589
-6.10584	-4.65081
1.60382	-2.86259
-1.92616	-18.0549
-20.6104	-13.9692
-19.0661	-19.732
-15.3165	-2.81058
-3.71136	-11.636
-11.8041	-3.09735
-0.477213	2.51305
1.39268	-18.0194
-19.5774	-18.5018
-16.1585	7.63467
7.15221	-14.1114
-12.0158	1.84091
-6.45268	-5.76302
-10.5581	0.917907
-1.20355	-4.84138
-6.09429	-14.4643
-15.0026	-17.1534
-16.8382	-4.43129
-4.87978	-30.8219
-29.6367	-28.1186
-26.8463	-4.93986
-8.12549	-3.05868
-2.88855	-2.82636
-6.32495	-20.5242
-6.09381	7.28566
-8.20465	-13.9882
-21.288	-3.33973
4.47425	-4.08705
4.38913	-2.99466
-3.30945	-8.91195
-2.97857	-0.522621
-5.584	-26.4046
-26.1459	-14.2429
-15.2085	-0.296039
-1.43088	-16.5727
-9.16342	-15.7024
-10.5837	-6.64953
-0.120147	2.03334
1.07699	6.18296
-0.735373	1.16193
6.5309	-1.36247
-1.89099	-7.47217
-1.20441	3.49284
-5.65457	1.10505
3.68888	-0.45793
-2.13651	5.33308
6.31091	-3.80171
0.443094	-26.8644
-24.5424	-11.0167
-8.44044	-8.23925
-21.3235	-11.3625
-6.9695	-2.22245
-4.75247	-17.341
-19.483	3.79622
8.02767	-11.037
-9.75683	3.2935
6.46988	-3.74968
-6.67217	0.110809
-4.36268	-2.91393
-0.969574	11.0095
-2.49366	-2.63656
4.63165	8.41505
8.86891	-6.68518
-4.00003	-24.8028
-18.3152	-14.2431
-16.7127	-10.0849
-12.3384	-13.1847
-14.7221	-0.751278
1.45421	-16.0388
-17.2013	-2.12516
-2.93613	-1.04634
4.60534	3.87028
4.56914	-15.1085
-12.6605	-3.32247
4.59067	-19.9846
-14.4195	4.05087
4.28988	-7.32876
-0.867907	-7.73048
-9.53057	-0.967722
-0.627306	-8.37414
-9.07878	-25.645
-23.5745	6.22735
4.89648	-20.2338
-25.0556	-12.8103
-15.4366	-14.2676
-12.2535	6.25519
5.69918	-5.04421
-4.44878	-15.5342
-17.7548	-9.56767
-8.67754	-1.01482
-1.04908	-11.3395
-9.80676	-4.60691
-6.94819	-7.44732
-4.92818	-2.10986
-3.74385	-9.34133
-5.92222	-10.643
-12.8103	-23.6796
-27.9751	-12.4899
-8.06059	-11.3952
-13.9868	-9.0558
-6.64862	-2.78148
-1.48611	8.45238
15.4723	5.61351
3.18183	-5.6115
-7.45092	-4.51091
3.66599	7.68327
9.37777	7.56603
0.978912	-8.60485
-5.4999	-12.4786
-13.3176	4.26602
5.96146	-7.43924
-7.66939	-10.5844
-9.75358	-18.9419
-21.5253	-13.2994
-11.8105	-6.84315
-7.12704	-6.7271
-12.9361	-8.75817
-8.66289	3.95646
-0.613916	-4.24442
-5.59885	-17.0701
-11.6521	-8.19151
-5.29519	-3.88653
-5.04826	-4.3032
-5.96613	-7.65796
-5.97958	9.624
7.02749	2.18811
3.15509	-8.07702
-7.72648	-5.50887
-16.1521	-8.60182
-15.8924	-7.23638
-7.813	-15.7599
-15.8821	-14.7269
-6.28931	-14.405
-7.99957	2.55488
-0.67966	-15.2601
-1.55256	-16.5587
-18.6356	-7.62635
-5.20754	2.77592
3.99086	-6.77592
-4.29437	6.28035
1.64613	-3.9031
-4.57784	1.20911
1.94433	-5.47934
-6.69387	-11.0243
-10.8333	-18.8005
-16.2399	-19.1099
-17.2551	-9.1614
-10.0464	-16.109
-17.0176	-11.7828
-10.1541	5.40341
7.26717	3.41338
-3.52978	-18.9157
-26.072	-0.910163
-5.14931	-7.30695
-10.9565	10.0769
11.0199	-7.36664
-5.29217	2.05343
0.551909	-0.637915
-0.789288	-4.66846
-2.68715	-6.83598
-8.29234	-17.2793
-18.3366	-10.7908
-8.93191	-2.58403
2.26521	-11.8118
-11.9973	-9.08453
-6.45783	3.18615
4.03749	-22.1413
-21.0745	-2.07748
-11.7629	-15.2954
-8.16527	-2.42511
3.43267	3.0506
-1.29266	-5.58114
6.2382	-7.29883
-7.64119	2.63443
1.72281	-1.61203
-0.893041	-23.4873
2.49855	-2.33747
-4.56803	-4.62317
5.37415	5.43049
2.68093	-0.895896
-3.12857	2.9104
-8.43963	-3.20142
-7.57747	-0.256395
1.48024	-0.474475
1.52758	3.51347
1.67612	0.96034
-10.7413	-5.89352
-10.3584	0.233986
4.46495	-0.874344
-3.24022	-9.30094
-5.30885	-9.01473
-9.22888	7.66513
2.8807	-22.3138
-23.6955	-26.363
-24.1809	10.688
7.46897	-3.34569
-3.66317	1.49422
5.64396	-15.4435
-16.9917	-0.572003
-0.918623	-11.0333
-8.4556	-11.3566
-9.45099	5.9222
5.824	-7.88167
-7.86941	-6.85533
-7.55324	-9.65013
-3.92582	-7.31658
-9.33667	-10.5967
-8.61801	0.115276
-2.82335	-7.20291
-0.538719	-0.418135
-1.51087	7.56169
8.14345	0.287601
-4.3022	-13.9949
-0.737927	-1.33378
-4.86179	1.61631
-4.16317	-4.60445
-8.57351	-2.71353
-5.54455	-14.7082
-13.0277	-13.9307
-15.1315	-5.44003
-4.38889	-8.74854
-7.25266	-16.4539
-12.3185	-12.9364
-3.2774	-6.15697
-2.17217	-1.30279
-2.04989	-3.0248
-12.9565	-3.9432
-4.8268	-9.64378
-1.90745	-1.21302
-16.674	2.32999
1.45069	-0.751104
10.7175	5.5727
-10.646	-0.0415962
-1.93827	0.179641
-11.455	-11.4873
-8.92173	-6.16498
-3.46552	-6.50332
-6.38367	-12.752
-12.4712	-21.2543
-19.7404	3.71376
6.58676	-11.6557
-9.0827	-13.1488
-15.2734	-18.7824
-17.9867	-0.872359
-4.26586	5.98247
10.567	-7.85304
-7.46746	-4.99533
-3.87785	5.27394
4.66973	-5.33466
-8.46291	-2.89395
-2.3466	-10.5188
-3.58308	3.09803
4.09342	-5.51485
3.6156	-12.0902
-17.7473	-9.03675
-13.6427	-11.7318
-3.22667	-15.4974
-30.3352	-17.2022
-20.0316	-12.218
-6.50193	-10.5035
-9.28437	-7.7936
-8.81114	2.34698
1.14657	1.99357
-0.206095	-4.74198
-4.23095	-9.08162
-7.26909	2.35643
1.03843	-7.33804
-6.07833	-0.92743
1.14011	-4.08916
-3.20354	-12.7358
-12.3962	-2.70405
-2.02501	3.20193
8.23702	-10.7798
-8.89261	-25.9278
-15.6931	-13.2031
-11.3411	-6.3931
-9.69427	-8.81365
-8.57334	-2.02685
-2.55564	-5.60507
-4.08471	-5.27977
-16.2889	-3.45183
-6.16654	-7.11049
-2.64481	-8.28702
-13.0697	-0.33662
-0.048213	-5.57788
-7.44039	-13.1423
-14.8404	-21.1657
-22.6537	-12.2695
-13.0436	-10.4119
-10.2776	-10.6785
-10.0015	-6.72557
-9.13157	2.31402
4.91731	-5.93223
-3.63501	-22.1435
-20.5428	-13.7473
-15.6066	-2.73348
-4.30325	-10.8312
-7.93857	-8.66603
-7.72958	-7.56113
-14.1445	-3.03002
-6.35136	-3.26377
-6.3569	-16.6574
-18.268	-1.24555
-5.58171	-6.45277
-7.85538	-6.26521
-7.2522	-11.1938
-14.33	-15.2213
-15.28	-6.89097
-11.5026	-3.64334
-3.56548	-1.1574
-1.62716	-15.3603
-17.9206	-1.57133
0.296844	-0.500144
3.19184	-2.1142
-2.10387	-5.43055
-6.26776	0.671338
-1.34269	-5.09889
-3.968	-19.793
-27.2458	-5.16058
-8.48682	-8.49377
-11.3108	-0.701992
3.86894	-5.27913
-6.10239	-3.66868
0.405001	2.00438
-3.93075	-6.4844
-1.8076	3.07345
4.75172	-0.96442
-4.23886	-6.2329
-5.26559	-7.59296
-1.9392	-6.29924
-9.6989	-8.97152
-9.65505	1.38176
4.3432	-8.40819
-9.46041	-10.1665
-8.05425	-12.5417
-3.01886	-1.79412
-0.469338	-0.119221
-9.77545	-4.00295
-11.1852	-4.9924
-1.61012	-12.7569
4.23664	-1.02918
-4.21182	0.268122
-1.66968	3.30274
8.61903	-0.654114
-14.0182	-8.24883
-2.57497	-7.63269
-5.60152	-11.3669
-5.91354	-1.50091
3.55028	-10.2417
-7.48139	-10.1191
-9.61405	-20.7934
-17.3151	3.34188
-5.72404	-16.8632
-16.3776	-11.455
-8.70484	-14.4328
-15.173	-10.6937
-15.6129	7.45828
10.0818	2.38094
-3.31887	-10.799
-11.8339	-0.800202
-1.18401	-10.9373
-13.5546	-0.251912
4.73255	2.70584
-0.0650885	-1.25105
-4.26647	0.157039
-1.40625	-16.4714
-16.4201	-12.611
-11.3074	-7.57197
-6.19479	-33.5434
-34.9097	-10.2322
-10.6016	3.47075
-0.198632	-9.77857
-13.2304	1.44992
6.69782	-2.95482
2.01468	-2.13634
-6.86958	-6.97595
-12.6267	-0.444808
-0.838326	-10.3108
-13.4147	-13.8506
-13.0675	1.78659
7.17429	-10.1638
-4.35065	-26.1785
-26.792	-7.00679
-10.6411	-11.3569
-8.64468	-6.27005
-4.98553	-20.4696
-9.18291	-4.00646
1.23805	0.883648
-6.96812	-3.99085
-3.33142	5.55226
-0.482873	6.63425
5.21958	-9.13035
-11.7674	-2.84142
5.60221	2.46357
3.64399	-8.62132
-7.04078	6.87902
4.70534	-3.22389
-0.125595	-11.1698
-7.26869	0.832645
-2.81285	-5.49205
-8.73826	-5.41792
0.369837	-2.47794
-5.73223	-5.30895
1.32047	-1.37405
-5.54318	-4.00712
2.59422	-11.0867
-3.49088	-0.420818
-10.4002	-1.14161
0.476259	-3.83511
-0.406305	-7.28857
-7.36656	-11.2832
-10.3502	-18.2873
-18.9871	-9.18342
-5.91212	-17.0926
-15.9359	-15.6923
-18.3415	-1.09959
5.90251	6.45658
3.10995	2.04232
-6.47388	-11.8672
-0.627432	1.93662
1.86984	-4.3908
0.156395	-8.6236
-11.4099	-1.29778
-6.98492	-3.40304
-1.25	-9.53739
-7.22476	-2.07316
-3.23411	-10.1627
-11.815	-15.1048
-12.8029	1.5684
-2.19076	-24.5581
-24.4846	-11.6341
-12.546	-8.69893
-8.76455	-11.1649
-11.4244	-17.6346
-15.5577	5.25367
2.22123	-15.4673
-9.69636	-17.7328
-16.6384	-8.84406
-7.50747	-12.4692
-12.1104	-5.92006
-9.89783	-0.405414
4.00587	-4.47483
-4.94932	-14.109
-15.3739	-14.7089
-17.092	-3.74004
-4.01622	-27.348
-28.1128	-15.8748
-12.5146	-14.0562
-11.6122	0.0777277
-0.537709	-4.2373
-2.03287	-9.93124
1.30151	-15.9394
-4.46856	-16.3066
-3.27454	-5.9899
-6.71944	3.40585
7.7388	-3.59291
-1.92036	-0.395982
-0.0584598	2.9367
-2.174	-16.4213
-14.5205	-11.2504
-16.7572	-3.26391
-6.50264	-20.5578
-20.7536	-16.5713
-17.5515	-9.64089
-8.00278	3.02842
3.24576	-13.7368
-13.0374	2.8677
3.08037	-3.74326
-8.62811	-3.40834
-7.0804	-6.17178
-1.63827	-8.01185
-10.6264	-3.76726
-3.8349	-5.60342
-3.2809	-9.92558
-5.2945	-18.0057
-17.6869	3.33359
1.81958	-2.79448
-2.56821	-31.2166
-33.5528	-19.3521
-19.4011	-22.2342
-26.992	-22.1728
-12.5828	-9.26404
-14.3075	-7.16067
-10.8744	-8.11361
-9.3407	-13.1857
-4.79502	1.24217
7.72666	-4.62014
-5.65901	-6.36819
-15.6293	-0.544128
-3.1214	-7.1238
-9.10239	-15.0444
-15.5444	-23.3701
-24.1379	-4.37095
-2.73239	-21.728
-14.0118	-6.35983
-9.70494	-27.2113
-22.4222	6.74371
6.52327	-17.4744
-15.6968	-15.3297
-16.6392	-19.4747
-15.5457	-4.33214
-3.34894	-17.5222
-1.80845	-3.11993
0.379305	-6.96788
-9.30543	5.13252
1.42627	-6.82166
3.63066	-8.9419
-12.2233	-18.2979
-17.3957	-7.00643
-9.37983	-16.5571
-17.1069	-17.6569
-18.3369	-20.1708
-21.7033	-1.15377
-1.17029	-4.03336
4.76676	4.88924
-2.97721	-20.9908
-14.6151	-1.00524
0.118352	-0.483148
-0.890191	4.47342
5.13898	-5.80738
-6.01753	4.72493
6.80203	-5.09422
-4.66752	-11.9533
-11.4684	-23.0022
-20.4906	-14.2269
-13.1499	-7.11126
-8.10291	-2.51903
-1.09307	-20.1102
-20.5916	10.5813
10.76	-11.3685
1.49769	-10.475
-11.1742	-11.2896
-5.63877	-14.9797
-16.4157	3.32339
4.12241	-16.2358
-13.5498	-0.344205
4.62443	1.70063
-0.284053	-3.97667
0.259143	-4.35997
-5.39621	-2.11696
-4.50793	1.71522
-5.87676	1.09379
6.56292	10.8349
0.94289	4.39581
-6.22612	2.11742
0.715904	-1.76736
-5.62032	9.33688
7.92161	5.55002
6.96004	-1.4475
-4.87278	-2.28404
-10.7749	-6.87094
-3.58886	-2.0157
-4.47197	-7.28383
-13.9618	-12.5071
-6.53044	-20.56
-17.0542	-5.81046
-9.0047	-31.5782
-30.3143	-9.22681
-8.9613	-8.22418
-9.6355	-15.6521
-14.7017	-12.4223
-9.43476	-8.68232
-6.95436	-14.6283
-16.4336	-0.606965
0.524678	-10.7046
-10.1008	-6.83369
-6.17754	-9.66945
-9.02089	-15.1925
-15.2677	-19.9922
-19.3311	-0.968545
-0.507811	-23.4113
-23.3222	-15.212
-10.4145	-13.9585
-16.0647	-4.61991
4.25604	6.34363
-1.50991	-15.905
-17.4088	-1.08455
-0.452404	-3.79851
-4.16472	-12.3285
-10.0569	8.71559
10.344	-10.0671
-7.33319	-0.948188
-1.15497	-6.01453
-5.96746	-16.9798
-16.9889	-19.3776
-19.4504	-6.12524
-4.91611	-20.375
-21.9891	-10.2434
-13.6286	1.34144
-0.505463	0.798199
1.78037	-11.2791
-14.96	1.57876
4.67205	-0.784569
-0.839445	-14.6683
-13.4692	8.95347
6.25813	-15.0827
-12.5218	1.29281
-0.0423149	1.32149
1.25107	-5.30431
-5.7554	-18.255
-18.1625	-19.0761
-19.9131	-8.13277
-8.93968	-17.3948
-16.3801	-11.028
-11.3955	-2.40543
-2.94964	7.00351
9.52522	-15.3874
-12.072	-17.2
-16.3608	-1.33291
-0.251773	-16.2101
-17.1964	-12.0138
-13.7223	-11.9732
-11.4448	-7.57469
-6.97174	2.67229
0.498762	-10.8067
-11.0324	-12.9981
-13.4028	-22.3965
-22.0999	-9.24474
-8.31293	-17.7019
-14.6493	-14.0889
-15.6528	-12.7517
-14.8794	10.9622
4.71273	-26.0035
-29.0669	-18.3187
-14.6773	-12.1786
-12.4808	-15.4888
-13.0297	-10.363
-13.8176	-5.92615
2.17321	1.19327
1.86714	-8.88408
-1.78441	-6.87303
-7.91156	-16.7267
-16.9404	-20.1762
-20.9383	1.1684
-1.09939	-2.28429
-2.97142	1.30881
-7.39426	1.53607
4.19433	6.16096
7.53974	-1.2333
-4.47376	-2.31507
-11.8004	4.13927
-0.636896	2.54654
-5.07551	5.67087
-0.159475	1.8781
0.298314	-1.52895
-4.02051	-5.66186
3.00355	-2.46321
1.15601	-8.48826
-8.10248	-3.50322
-7.476	5.2976
5.74571	-7.7999
-10.0007	-20.5672
-24.6975	-13.6646
-13.0744	-18.5409
-18.5927	0.636201
-9.99253	-6.64076
-7.70381	-11.2314
-7.53833	3.7899
-2.24717	-1.32154
1.83443	-1.18539
-2.15459	0.935577
-0.00819893	-1.60121
2.50505	1.87058
-5.6923	-5.81467
-6.0771	-2.8276
-2.44685	7.29283
7.8832	-12.8475
-12.0099	-13.6719
-16.9492	-17.5261
-18.8138	-3.99195
-9.7908	-8.98591
-4.54794	-10.1029
-3.16266	-8.47458
1.80821	-11.8577
-14.949	3.86495
0.208214	-13.7931
-6.7748	-5.81899
-3.41794	-3.5367
-3.69075	-8.68828
-4.90023	-11.2507
-11.0802	-26.7519
-28.0254	-8.26401
-9.72932	-12.1286
-13.8232	-9.3474
-7.19491	-9.70683
-11.7926	8.54546
8.35382	3.23416
6.11962	-6.15313
-7.62728	-11.0469
-11.0673	-5.51646
-2.52148	-4.10914
-4.94038	1.61037
0.576029	-10.0204
-11.7075	6.89869
6.12475	-8.18639
-8.24228	-11.1172
-9.33422	-20.0403
-13.2363	-14.5682
-11.3314	-9.18515
-8.23954	-15.5471
-13.2436	-19.645
-15.9266	2.00235
5.8502	5.57866
15.8581	-20.2442
-10.9041	-11.0645
0.594863	-0.26044
-9.15663	-1.93335
2.60616	-0.209304
-2.58069	1.57924
-0.657609	-3.77822
-4.6397	-1.23546
-1.65088	-11.8204
-12.2464	-19.6271
-17.4425	-12.6958
-7.52914	-13.046
-13.3139	-14.2208
-14.3598	-6.88564
-10.3755	4.56387
5.59498	-4.331
6.70818	-9.90305
-4.61382	-2.49247
2.31719	-6.60107
-9.54118	-8.17458
-6.97408	-1.0098
-3.36919	-4.86308
1.3851	3.08004
-0.853184	0.0288242
-3.39104	-10.337
-8.42987	-21.1563
-19.9101	-4.10432
-3.8154	1.02206
2.30371	-12.8702
-8.45584	0.902789
-1.22383	-6.02164
0.719143	-5.80637
-3.65192	-7.29914
8.51675	-14.8514
-5.59186	-6.24937
-2.02024	0.30379
-0.270301	0.929445
-11.6671	1.54962
2.63754	-1.22192
-1.17746	-4.3527
-2.19403	-21.514
-21.3152	-18.6048
0.921341	3.33329
0.836087	-1.64115
-4.52204	1.83743
-4.96339	-0.793896
0.346551	-3.39565
-14.4578	-0.684192
-4.43343	6.62445
-6.69069	-4.11656
2.90299	3.96326
2.05915	-1.15421
2.4043	6.80757
-6.59691	-1.7058
-2.68318	-4.44495
-6.49544	-12.3053
-9.3358	-18.4153
-19.6344	-11.9294
-13.7743	-5.07768
-5.42742	-11.9461
-11.1977	-2.49152
-7.02906	-1.5458
-1.57762	-10.7841
-11.3637	-24.8687
-24.1316	4.6862
6.36999	-1.43597
0.98287	-9.45262
-10.0779	4.20463
6.27425	-8.11264
-7.40467	-5.56773
-4.6833	3.03048
4.09051	-5.30139
-6.70107	-11.0377
-14.2235	7.16907
5.80571	-7.04817
-16.6922	1.4147
-1.25669	-4.95347
-6.39281	-12.0724
-12.13	-0.57368
-5.75103	-1.76765
-1.81783	-8.87982
-7.60682	-19.1358
-22.2092	0.0738202
-2.67976	-6.76167
-6.48691	-11.2171
-11.6694	1.42762
-4.80435	-0.772544
-4.31694	-25.465
-27.6744	-11.4553
-15.0588	-8.33902
-1.47297	-2.08148
-7.6391	-2.86096
-5.04669	6.83716
-2.58225	4.91904
-3.22299	6.37334
-2.67811	2.84037
-0.14966	5.73535
1.91701	-8.1699
-14.8546	-8.99149
-11.1918	-7.70051
-6.48258	-9.5371
-9.47352	-3.13848
-5.27606	-6.85518
-6.47743	-11.8325
-16.3811	-12.2217
-12.5133	-13.4622
-9.317	-16.6503
-16.985	-8.48714
-5.41735	-18.7062
-16.7385	0.0695562
3.70036	2.24885
2.4775	-19.3632
-24.1724	-13.7198
-11.0943	-7.23091
-7.66079	-0.429845
-3.44209	-4.94132
-4.09726	-4.84069
-1.13801	-4.30973
-7.65597	-11.4479
-8.2076	-11.6679
-10.7037	-6.62524
-6.04132	8.15053
6.02808	-21.2465
-22.6624	-14.3572
-11.1581	-8.94364
-3.27803	-16.52
-10.9405	-9.51327
-6.58837	2.96216
5.12101	-1.50627
-2.7704	-6.544
-5.39315	1.73991
-1.64886	-8.9482
-1.89899	-1.05728
-7.16634	4.22575
1.71258	-9.00763
-10.4773	-32.6783
-33.1275	-9.11411
-6.26867	-13.3396
-8.12193	-4.0143
-12.004	-8.142
-13.6518	-0.551461
-7.0276	-9.24539
-7.5788	-11.2975
-1.82462	-2.28749
3.00944	5.67619
-0.963273	-11.7792
-16.6256	-8.8554
-6.67919	-6.68492
-9.83839	-11.7858
-12.2137	2.40632
0.189953	-2.41029
-2.2491	-15.9072
-16.0813	-5.08731
-9.26637	2.61631
-0.170936	-23.375
-20.3167	-25.9085
-23.1931	-13.6894
-17.7104	-1.01444
-0.309024	6.92531
4.6034	-7.45089
-9.50953	-36.2893
-34.7031	-2.4728
-7.02676	-13.5513
-10.3694	-4.71171
-5.89657	-18.905
-17.6623	-4.36171
-4.73151	-5.6573
-9.84623	-10.4204
-8.79471	-16.7351
-18.0613	-11.2581
-3.69297	-10.9296
-13.6941	-8.61287
-12.4295	-6.63229
-1.72851	0.213968
3.06495	-1.16489
2.8128	4.39771
-0.639634	-1.9008
-0.556907	-6.46035
-8.11903	-4.16147
-7.19166	6.54307
-2.3736	5.79318
6.61452	0.342951
-4.25058	-0.0492593
-2.0249	-22.1687
-23.0689	-21.7159
-16.0569	0.953251
2.07796	-8.96696
-9.13489	-11.233
-11.4767	-4.60878
3.63342	4.40367
1.88792	0.319563
-15.7352	-7.12803
-3.35899	-1.1449
-10.2254	-13.6178
-2.29801	-4.71111
-7.67571	6.27204
3.86373	-1.64563
-5.5212	-1.78093
-4.61491	-2.67525
1.94061	-24.694
-29.9639	-15.2551
-11.6534	-1.5559
3.32677	-15.324
-26.5079	-16.368
-18.8297	-7.95085
-6.52227	-3.51674
-3.09728	-7.59893
-4.90241	3.14141
1.53589	4.84893
5.25352	-20.9385
-17.4367	-1.15614
-1.6654	2.06473
-2.25891	-8.26031
-15.8366	0.400199
3.84475	1.2978
-4.21916	-20.8321
-13.6127	-17.1347
-18.304	-11.7687
-12.7172	-20.7036
-18.0499	-18.6568
-14.3897	-12.4271
-10.2318	-0.468139
7.09633	-2.60372
-1.16577	-8.22548
5.717	3.15446
5.83331	-9.36951
-10.234	-3.7492
-9.02546	-2.0861
-0.826535	-2.29507
-4.14139	11.041
2.67408	-3.23066
-4.86652	-17.5323
-6.71259	-18.2588
-22.9336	-3.88147
-3.38219	-17.5505
-17.5302	-6.79255
-7.29584	-11.51
-11.2334	-17.1878
-15.7956	-5.60655
-7.70726	5.96769
2.79633	1.19518
-7.33866	-7.35723
-4.12191	-4.57291
-2.83329	-5.17494
-2.22981	1.91942
0.0660128	-1.38425
2.56166	-5.19268
-3.98565	-7.70949
-7.09287	-7.42416
-5.70767	13.0497
9.23573	-16.6936
-14.6911	-9.2283
-2.4466	-13.8117
-7.44138	13.4537
10.3339	-12.9281
-8.94353	-0.884462
7.95025	-10.276
-9.04284	3.06731
3.85486	-13.3376
-11.5507	-1.48511
-1.99854	-15.3699
-14.3756	0.968542
3.87639	-5.50911
-1.94237	-10.4863
-13.8462	-15.2534
-21.2034	-18.6347
-16.1797	-12.1191
-12.2702	-8.67299
-7.41961	-11.8861
-12.4983	10.4476
12.9387	-11.647
-13.3006	-16.8959
-16.9927	-7.3577
-1.10613	-5.88782
1.75567	-7.74002
-1.1085	-7.91562
-10.8654	-2.74242
-7.16184	2.58947
6.64956	-8.07939
0.348693	-11.8016
-11.9038	-14.8413
-16.5477	-5.77395
-6.51105	-15.0583
-12.3922	-5.20106
-0.617882	-5.64333
2.22665	8.29141
8.11245	2.37327
-1.50706	-2.33187
2.08598	-2.25789
-15.9728	-2.77113
-2.63652	-5.64853
-7.22588	-6.30667
-3.38143	-13.0925
-12.3321	-5.96601
-2.11144	-4.14156
-3.37492	-6.62602
-11.9609	-4.21199
-9.27579	4.59495
0.148774	-13.4581
-9.08382	-6.01651
-4.23424	2.48981
-7.82939	-10.7649
1.59123	-6.11567
1.30469	0.153505
-4.11143	-10.2352
-11.0274	3.82803
-2.33754	-7.3597
-4.77643	-9.65783
-11.3157	0.187428
-0.596033	-1.81899
1.53226	-6.17355
-3.64226	-15.9499
-14.9193	-14.4871
-18.9102	-8.58885
-9.56076	-19.3407
-17.7933	-6.64795
-10.1931	2.86037
4.37902	-0.65211
5.02179	-8.87701
-9.13149	-24.6167
-19.0872	2.89178
8.85563	-15.6083
-13.9268	4.94257
0.725178	7.73296
2.68184	-2.93517
-1.19862	1.15027
1.99823	-2.93601
0.661746	-14.392
-14.1326	1.14276
0.268721	-0.528913
-3.50525	-34.3503
-31.7542	-7.29151
-7.21727	-6.27561
-7.26672	-4.64578
-1.45252	-9.62833
-6.22277	-9.33323
-11.1021	-0.893791
-2.63556	-11.0447
-8.58728	-1.14559
-2.11067	-1.14362
-1.88711	-12.6604
-7.13024	1.0299
1.3078	-6.66497
-4.67287	-13.0563
-17.0622	-13.567
-16.2447	6.03305
2.73847	-7.45315
-7.49092	1.56554
-3.56101	-1.23238
-5.96603	3.7671
4.95727	-6.51772
-5.81138	4.50074
-8.83952	3.28658
-5.21518	0.681298
-5.26106	-12.919
-9.56788	8.67057
19.5585	0.265303
-11.9695	1.70132
10.5534	-1.98619
6.02968	-0.841518
-3.63193	-5.01369
-0.0549871	-4.36067
-9.23966	3.14948
-1.16303	6.14283
3.77097	-4.89017
-7.84597	-12.4745
-13.0441	-16.776
-16.7843	-9.64974
-8.69765	-13.0593
-12.5004	-7.97453
-5.55706	-28.9022
-27.1052	-3.25726
-9.28039	-4.85675
-12.217	-5.64744
-8.00813	-23.3448
-26.9291	-1.31557
2.89563	-14.4714
-12.6735	-11.2131
-5.42079	-19.5049
-17.6711	-3.18992
-6.76443	-6.48204
-4.86777	-12.968
-12.5611	-21.8418
-20.3453	-11.5257
-12.8116	-18.2792
-12.1211	-3.41361
-3.60137	-13.7524
-13.078	8.48739
6.30239	-1.94045
-0.974608	-19.2645
-19.5996	-14.5434
-19.5151	1.77175
-3.95082	-10.143
-15.6434	8.23995
4.18599	-9.19454
-13.4966	-3.46295
-0.594514	0.263225
-0.317799	-3.0083
-5.07049	-10.7867
-10.7357	-25.5996
-27.6972	-22.7205
-19.1703	0.828803
1.22065	-15.0776
-14.132	-7.54553
-7.91865	3.50823
3.65971	-19.7307
-25.9034	-15.1454
-10.8403	13.9851
7.49984	-11.6273
-11.4237	6.41042
9.8709	-11.3704
-11.9788	1.32878
4.86359	-2.30392
-3.43953	-16.8013
-16.5605	-6.33799
-4.71237	-1.29291
-0.111614	-31.559
-33.1994	-8.36513
-7.70123	-19.8501
-17.9228	-10.5952
-8.06512	7.43395
-3.97997	-19.0192
-6.44299	-8.43173
7.01864	11.3907
2.02078	-1.88322
9.40973	9.6398
5.04586	-7.95404
-1.70088	6.58901
5.41591	2.28122
-2.89606	-19.2153
-18.8835	-23.1573
-19.0291	-1.57878
-1.8364	-10.438
-8.79463	-14.1026
-6.15898	-9.85484
-5.2522	4.05766
1.40064	-2.96812
3.07643	1.98737
-11.4818	-4.4198
-4.14928	-16.2678
-4.42083	-1.66376
5.81772	6.56984
3.42026	0.321677
6.01624	1.96203
3.33453	-3.86799
-7.31471	-18.1248
-21.2691	-20.3631
-21.7032	-0.958937
0.296555	-7.59998
-7.72243	-3.52559
5.56955	3.48236
4.07465	7.64496
-0.0654391	6.74537
3.7042	-0.839329
-0.895749	3.65468
-2.60856	-6.08413
0.856077	4.12361
0.992117	-1.76265
-7.03479	4.63391
6.56071	-1.9727
-5.0669	-1.62516
2.90994	-20.4294
-20.5493	-17.6284
-18.1882	-2.54865
-0.678857	-2.77601
-9.05778	-2.00027
-3.80238	-1.66575
-2.7732	-4.48209
-1.78248	-1.18072
-0.104256	1.88923
6.89375	0.0493084
-2.1046	0.664266
2.88089	5.71115
3.20015	-0.0545904
-2.57747	6.83655
-6.89807	2.11395
5.59241	-1.30149
-1.64546	-24.0538
-21.8789	-19.2095
-18.2225	1.22523
0.529868	-11.7557
-5.08381	-0.491479
-5.4199	-3.49393
4.27384	11.9046
7.00263	5.27665
4.03231	1.24695
-2.73176	-2.47512
-5.87316	-3.2836
2.59058	7.11334
3.38723	0.207034
0.996755	-9.60184
-11.6409	-0.256934
-1.22535	-6.87051
-3.71743	-4.64681
-3.81326	-12.568
-9.0006	-20.8762
-18.9026	-14.8698
-15.5915	-11.1298
-12.4258	0.254495
1.35005	-14.2562
-10.3669	1.50921
8.51418	-15.6446
-8.27783	-1.67282
-4.06096	-16.1913
-17.8004	-11.4113
-10.3132	-0.864583
-2.13594	-11.246
-17.336	-2.19479
-0.11966	-6.76023
-4.43157	-5.84602
-10.8102	-6.81765
-12.2495	-5.20638
-19.406	-13.1919
-9.31381	-13.9175
-11.0803	-8.9934
-18.1674	-21.8693
-21.9671	3.13377
4.33405	12.671
0.427117	-9.27832
-8.06135	-11.7659
0.617471	-12.7005
-8.39187	-17.7137
-9.2268	-1.43875
-13.4905	0.422349
2.99521	-8.80087
-3.13551	-16.4366
-18.9685	-14.4842
-18.0786	-0.707414
-1.89611	-7.67722
-16.8406	-13.1491
-13.2564	-14.764
-13.5367	10.3512
6.42575	-2.88949
-3.98537	-18.624
-16.1673	-8.26186
-7.11389	-7.04933
-8.73349	-6.21236
-14.1511	-7.24914
-5.81081	-6.76178
-4.73983	-0.697721
2.4171	-12.1079
-7.1726	-4.74116
-10.2947	-5.65566
-2.71201	-1.26932
-9.99856	-9.16884
-12.9245	-10.3782
-10.654	-21.9207
-22.4487	0.781325
-0.709728	3.23302
1.24824	5.21386
0.343995	-10.3027
-11.59	-2.33438
2.78719	-14.6018
-9.65253	-10.7479
-7.99729	-2.64076
-9.93693	-4.31405
4.06372	-5.05164
3.90844	-17.3662
-14.9681	-15.7718
-23.2696	-4.72701
-5.33083	-7.79097
-16.8146	-20.841
-20.4092	5.39395
0.257067	-0.183113
-0.714113	-6.76689
-9.07927	-14.8045
-14.5069	-15.6937
-19.5263	7.09092
5.46164	-14.9339
-8.07923	-2.76495
-4.37745	-1.44346
-0.742144	-3.24746
-0.361817	2.02523
-0.76359	-16.4569
-16.4736	2.89757
4.10141	-0.336245
-0.163179	-28.7446
-25.8266	2.02085
0.471918	-14.8064
-19.815	-9.6558
-8.89273	-6.26355
-6.15051	-7.47612
-8.07157	-13.1659
-15.8832	-5.68152
-4.65129	-2.69787
1.63825	0.353207
-6.99599	0.841029
-1.80915	-4.49214
-4.84301	0.943189
0.218556	-17.8648
-18.8084	-15.1134
-16.8672	5.22902
-4.46427	-14.4975
-8.16998	-8.0556
-8.28499	-1.73058
-0.133127	-0.0948884
